# These data are freely available under the Creative Commons Attribution 4.0 International Licence (CC BY 4.0)					
# when using the data please cite as: 					
# Spooner, Cameron; Scheck-Wenderoth, Magdalena; Götze, Hans-Jürgen; Ebbing, Jörg; Hetényi, György (2019): 3D Gravity Constrained Model of Density Distribution Across the Alpine Lithosphere. GFZ Data Services. http://doi.org/10.5880/GFZ.4.5.2019.004
X COORD (UTM Zone 32N)	Y COORD (UTM Zone 32N)	TOP (m.a.s.l)	THICKNESS (m)	DENSITY (Kg/m3)
286635	4898615	-24823.2533	70418.125	3305
286635	4918615	-25443.48901	69410.01563	3305
286635	4938615	-28025.24511	66402.49219	3305
286635	4958615	-32278.13135	61663.48438	3305
286635	4978615	-35885.5625	57459.14063	3305
286635	4998615	-37270.9812	55318.71094	3305
286635	5018615	-36134.30481	55497.16406	3305
286635	5038615	-34866.0697	55555.41406	3305
286635	5058615	-34310.55072	54625.75391	3305
286635	5078615	-34361.87146	52783.83984	3305
286635	5098615	-33695.94501	51374.26563	3305
286635	5118615	-31924.2503	50820.27344	3305
286635	5138615	-30315.52875	49954.94922	3305
286635	5158615	-29987.74616	47754.57813	3305
286635	5178615	-29280.86072	46067.35938	3305
286635	5198615	-28096.40949	45130.71875	3305
286635	5218615	-27003.09748	44547.85156	3305
286635	5238615	-26119.17572	44271.5	3305
286635	5258615	-26005.68126	43789.07813	3305
286635	5278615	-26402.83163	43172.08594	3305
286635	5298615	-27130.76003	42419.22656	3305
286635	5318615	-28200.52718	41369.14063	3305
286635	5338615	-29150.9718	40810.11719	3305
286635	5358615	-29534.711	41954.625	3305
286635	5378615	-29792.7697	45201.10938	3305
286635	5398615	-30018.93346	50588.39844	3305
286635	5418615	-30181.60347	57738.375	3305
286635	5438615	-30435.77429	65508.02344	3305
286635	5458615	-31067.54723	72507.09375	3305
286635	5478615	-32024.27622	76806.78125	3305
286635	5498615	-32910.84659	79551.15625	3305
306635	4898615	-25747.28883	69690.28906	3305
306635	4918615	-27243.31324	67913.02344	3305
306635	4938615	-29761.42542	65084.5625	3305
306635	4958615	-33732.84753	60747.02734	3305
306635	4978615	-37290.97412	56717.94531	3305
306635	4998615	-38443.03565	54945.75781	3305
306635	5018615	-37474.02759	55102.21875	3305
306635	5038615	-36242.04187	55284.99609	3305
306635	5058615	-35861.16382	54359.89063	3305
306635	5078615	-35864.29664	52767.80469	3305
306635	5098615	-35125.11548	51654.03906	3305
306635	5118615	-33312.33405	51379.78125	3305
306635	5138615	-31034.93772	51417.82813	3305
306635	5158615	-29313.32804	50821.08594	3305
306635	5178615	-27915.41816	49968.34375	3305
306635	5198615	-27006.39483	48807.42188	3305
306635	5218615	-26572.07276	47501.71875	3305
306635	5238615	-26542.1099	46200.27344	3305
306635	5258615	-26691.63471	45173.92969	3305
306635	5278615	-26853.40105	44515.94531	3305
306635	5298615	-27019.36176	44187.97656	3305
306635	5318615	-27474.99863	43851.39453	3305
306635	5338615	-28100.37735	43866.80469	3305
306635	5358615	-28577.29082	44929.67969	3305
306635	5378615	-28949.54925	47596.5	3305
306635	5398615	-29209.38826	52008.60938	3305
306635	5418615	-29346.88346	57920.02344	3305
306635	5438615	-29374.24645	64584.39063	3305
306635	5458615	-29459.21381	70986.24219	3305
306635	5478615	-30040.69487	75457.57031	3305
306635	5498615	-30847.60192	78685.23438	3305
326635	4898615	-26667.20642	68928.59375	3305
326635	4918615	-31594.73889	63874.30859	3305
326635	4938615	-36348.79541	58970.42188	3305
326635	4958615	-39751.08288	55366.47656	3305
326635	4978615	-41230.93164	53584.69922	3305
326635	4998615	-41305.23096	53063.85938	3305
326635	5018615	-40514.20386	53219.07422	3305
326635	5038615	-39183.59814	53680.49219	3305
326635	5058615	-38167.54663	53573.21875	3305
326635	5078615	-37929.99707	52407.13672	3305
326635	5098615	-37010.25354	51657.23047	3305
326635	5118615	-34742.67163	52014.80469	3305
326635	5138615	-31623.25404	53049.30078	3305
326635	5158615	-28575.46637	53896.24609	3305
326635	5178615	-26342.52985	53930.03516	3305
326635	5198615	-25526.66412	52650.32031	3305
326635	5218615	-25663.10334	50662.82813	3305
326635	5238615	-26197.81872	48625.72266	3305
326635	5258615	-26396.80752	47337.19531	3305
326635	5278615	-26199.33883	46848.82813	3305
326635	5298615	-25976.01083	46772.49219	3305
326635	5318615	-26111.53198	46735.29688	3305
326635	5338615	-26675.5646	46730.60938	3305
326635	5358615	-27397.9871	47271.25781	3305
326635	5378615	-27924.06342	49284.45313	3305
326635	5398615	-28239.63504	52955.05469	3305
326635	5418615	-28422.3917	57968.40625	3305
326635	5438615	-28502.53374	63716.35156	3305
326635	5458615	-28634.93742	69282.1875	3305
326635	5478615	-29238.66831	73492.21094	3305
326635	5498615	-30151.73415	76706.11719	3305
346635	4898615	-28647.23401	67067.17969	3305
346635	4918615	-33939.40894	61835.21484	3305
346635	4938615	-37937.31507	57881.07422	3305
346635	4958615	-39332.12696	56481.41797	3305
346635	4978615	-39662.84973	56047.30469	3305
346635	4998615	-40076.70764	55384.44531	3335
346635	5018615	-40721.87293	54296.58594	3305
346635	5038615	-41152.18432	53182.94531	3305
346635	5058615	-40890.59814	52499.27344	3305
346635	5078615	-40829.917	51325.96484	3305
346635	5098615	-39656.35035	50988.16406	3305
346635	5118615	-36615.33558	52262.6875	3305
346635	5138615	-32716.12024	54195.375	3305
346635	5158615	-29167.63257	55623.125	3305
346635	5178615	-26423.7859	56188.33203	3305
346635	5198615	-25286.37647	55181.23438	3305
346635	5218615	-25124.34638	53368.60156	3305
346635	5238615	-25529.10052	51287.26563	3305
346635	5258615	-25480.90448	50042.69141	3305
346635	5278615	-25038.06755	49614.30859	3305
346635	5298615	-24597.32734	49626.05078	3305
346635	5318615	-24534.43896	49759.74219	3305
346635	5338615	-25020.34464	49699.25781	3305
346635	5358615	-25900.25136	49766.88281	3305
346635	5378615	-26613.37822	51176.92188	3305
346635	5398615	-27083.49855	54151.90234	3305
346635	5418615	-27468.37984	58233.71094	3305
346635	5438615	-27843.92468	62861.25	3305
346635	5458615	-28329.17565	67283.38281	3305
346635	5478615	-28987.13098	70912.57813	3305
346635	5498615	-29660.25379	74077.57031	3305
366635	4898615	-30922.51295	64872.13672	3305
366635	4918615	-33667.61786	62395.58594	3305
366635	4938615	-33056.43457	63262.27344	3305
366635	4958615	-32306.54083	64219.71875	3335
366635	4978615	-32780.2987	63854.58203	3335
366635	4998615	-34345.6109	62247.92578	3335
366635	5018615	-37271.85413	59076.91016	3305
366635	5038615	-40250.78174	55599.12109	3305
366635	5058615	-42185.37256	52890.8125	3305
366635	5078615	-43255.45508	50751.48828	3305
366635	5098615	-42379.14722	50275.58594	3305
366635	5118615	-38795.69849	52246.37109	3305
366635	5138615	-34395.02283	54817.41406	3305
366635	5158615	-31081.77063	56116.58203	3305
366635	5178615	-28508.87848	56559.72656	3305
366635	5198615	-26631.33594	56269.94531	3305
366635	5218615	-25465.4115	55353.48047	3305
366635	5238615	-25110.47224	53854.72656	3305
366635	5258615	-24757.26294	52684.54688	3305
366635	5278615	-24201.34164	52129.56641	3305
366635	5298615	-23636.1372	52062.69531	3305
366635	5318615	-23381.11115	52262.61719	3305
366635	5338615	-23785.89457	52236.46094	3305
366635	5358615	-24551.74203	52275.10938	3305
366635	5378615	-25365.35056	53308.70703	3305
366635	5398615	-26029.95626	55622.73438	3305
366635	5418615	-26671.47336	58718.1875	3305
366635	5438615	-27380.93805	62118	3305
366635	5458615	-28231.47205	65304.03125	3305
366635	5478615	-28868.8219	68258.92969	3305
366635	5498615	-29085.81302	71294.26563	3305
386635	4898615	-32696.56745	63149.33594	3305
386635	4918615	-31169.51928	65166.32813	3305
386635	4938615	-25709.17764	71103.29688	3305
386635	4958615	-23352.3345	73886.35938	3305
386635	4978615	-23804.93075	73758.91406	3305
386635	4998615	-25853.90239	71879.08594	3335
386635	5018615	-29985.00665	67701.17188	3335
386635	5038615	-35096.5373	62270.75781	3305
386635	5058615	-39162.64611	57593.6875	3305
386635	5078615	-42824.39258	53021.45703	3305
386635	5098615	-43885.6831	50772.81641	3305
386635	5118615	-41194.95007	52027.85547	3305
386635	5138615	-37232.00329	54337.26172	3305
386635	5158615	-34096.0818	55616.04297	3305
386635	5178615	-31794.97174	55889.70313	3305
386635	5198615	-29350.56634	56192.04688	3305
386635	5218615	-26893.85379	56490.02344	3305
386635	5238615	-25501.64819	55855.64063	3305
386635	5258615	-24790.69605	54781.21875	3305
386635	5278615	-24222.98236	53925.12891	3305
386635	5298615	-23747.07859	53449.20313	3305
386635	5318615	-23449.22345	53392.44531	3305
386635	5338615	-23634.43997	53478.02344	3305
386635	5358615	-24120.25665	53904.51172	3305
386635	5378615	-24840.95046	54933.28125	3305
386635	5398615	-25594.45046	56725.28125	3305
386635	5418615	-26333.65697	58996.23438	3305
386635	5438615	-27192.4994	61372.60156	3305
386635	5458615	-28164.87668	63551.07813	3305
386635	5478615	-28828.1757	65694.60938	3305
386635	5498615	-28926.35165	68059.89063	3305
406635	4898615	-33604.0553	62273.95313	3305
406635	4918615	-31074.34896	65517.28906	3305
406635	4938615	-23363.69342	73923.70313	3305
406635	4958615	-20873.40085	77053.82813	3305
406635	4978615	-20998.3049	77464.67969	3305
406635	4998615	-21290.25534	77547.09375	3305
406635	5018615	-23197.12592	75788.1875	3335
406635	5038615	-26840.19214	72003.01563	3335
406635	5058615	-31237.11255	67151.94531	3305
406635	5078615	-37411.46643	60219.45313	3305
406635	5098615	-42014.7058	54598.91797	3305
406635	5118615	-42050.73974	53338.03516	3305
406635	5138615	-40067.18006	53909.28125	3305
406635	5158615	-37902.87427	54465.21875	3305
406635	5178615	-35487.45948	55050.28906	3305
406635	5198615	-32448.16443	56057.25781	3305
406635	5218615	-29362.50062	56984.75781	3305
406635	5238615	-26976.13315	57169.28906	3305
406635	5258615	-25779.20355	56293.86719	3305
406635	5278615	-25143.55508	55117.71094	3305
406635	5298615	-24765.80152	54071.26563	3305
406635	5318615	-24542.99468	53471.61719	3305
406635	5338615	-24498.14273	53617.75781	3305
406635	5358615	-24620.1861	54639.73047	3305
406635	5378615	-25126.192	55884.89063	3305
406635	5398615	-25839.72906	57293.75781	3305
406635	5418615	-26515.33307	58905.28125	3305
406635	5438615	-27261.21793	60534.06641	3305
406635	5458615	-28068.48763	62043.21875	3305
406635	5478615	-28724.20914	63413.05078	3305
406635	5498615	-28947.01757	64810.52344	3305
426635	4898615	-33723.81278	62183.01563	3305
426635	4918615	-34342.87144	62495.31641	3305
426635	4938615	-29598.73144	68144.8125	3305
426635	4958615	-27462.08645	71123.33594	3305
426635	4978615	-27045.95073	72274.26563	3305
426635	4998615	-24879.77573	75010.73438	3305
426635	5018615	-21665.90983	78563.09375	3335
426635	5038615	-20988.45844	79276.1875	3335
426635	5058615	-23630.07544	76340.28906	3335
426635	5078615	-29601.63086	69759.375	3305
426635	5098615	-36225.60749	62280.86719	3305
426635	5118615	-39664.0968	57830.27734	3305
426635	5138615	-41593.88184	54773.67188	3305
426635	5158615	-41750.73048	53354.37109	3305
426635	5178615	-38235.56775	55371.51953	3305
426635	5198615	-34296.20141	57526.44922	3305
426635	5218615	-31355.41974	58394.34375	3305
426635	5238615	-28685.7958	58764.76563	3305
426635	5258615	-26974.32733	58124.29297	3305
426635	5278615	-25927.60999	56937.46094	3305
426635	5298615	-25411.19757	55507.78906	3305
426635	5318615	-25200.71561	54385.92969	3305
426635	5338615	-25032.0549	54419.94531	3305
426635	5358615	-24981.03735	55816.56641	3305
426635	5378615	-25354.61184	57214.89063	3305
426635	5398615	-26038.80503	58199.83594	3305
426635	5418615	-26678.85066	59078.19922	3305
426635	5438615	-27297.7964	59970.28516	3305
426635	5458615	-27877.4191	60911.33594	3305
426635	5478615	-28290.92922	61790.51563	3305
426635	5498615	-28455.95295	62445.55469	3305
446635	4898615	-30724.43233	65224.08594	3305
446635	4918615	-35058.19092	62025.74609	3305
446635	4938615	-34454.10607	63728.16797	3305
446635	4958615	-34644.08076	64564.37891	3305
446635	4978615	-34971.01901	65154.37109	3305
446635	4998615	-32854.38626	68023.98438	3305
446635	5018615	-27501.36794	73900.36719	3305
446635	5038615	-23005.01389	78613.28125	3335
446635	5058615	-20941.9859	80553.23438	3335
446635	5078615	-22187.70093	78867.32031	3305
446635	5098615	-27501.03888	72821.875	3305
446635	5118615	-35164.40497	64316.20313	3305
446635	5138615	-43265.0149	55371.52344	3305
446635	5158615	-46462.00977	51351.53125	3305
446635	5178615	-40865.91968	55962.26172	3305
446635	5198615	-35564.45794	59943.83984	3305
446635	5218615	-32874.76791	60798.44531	3305
446635	5238615	-30062.21161	61342.10156	3305
446635	5258615	-27999.2168	60824.78516	3305
446635	5278615	-26518.909	59685.46875	3305
446635	5298615	-25663.34369	58112.48438	3305
446635	5318615	-25311.17834	56701.01172	3305
446635	5338615	-25107.71949	56498.03906	3305
446635	5358615	-25050.37703	57934.125	3305
446635	5378615	-25337.41007	59318.09375	3305
446635	5398615	-25955.35213	59854.4375	3305
446635	5418615	-26546.0039	59956.96875	3305
446635	5438615	-27008.9421	60117.73438	3305
446635	5458615	-27333.03754	60523.88672	3305
446635	5478615	-27517.12805	60960.95313	3305
446635	5498615	-27555.54562	61054.80078	3305
466635	4898615	-26679.36938	69355.79688	3305
466635	4918615	-31769.20275	65582.35938	3305
466635	4938615	-34101.62866	64538.58984	3305
466635	4958615	-37469.93749	62358.9375	3305
466635	4978615	-40512.22131	60375.86328	3305
466635	4998615	-40888.56874	60920.25391	3305
466635	5018615	-37146.50246	65364.10156	3305
466635	5038615	-31804.58766	71109.70313	3335
466635	5058615	-26272.57209	76708.0625	3335
466635	5078615	-21467.34061	81221.85938	3305
466635	5098615	-21843.36267	80268.84375	3305
466635	5118615	-29253.18707	72121.64063	3305
466635	5138615	-40307.60608	60422.13672	3305
466635	5158615	-46691.27832	53632.16016	3305
466635	5178615	-43085.47779	56915.25	3305
466635	5198615	-37501.44343	61909.91016	3305
466635	5218615	-34097.95514	64009.61719	3305
466635	5238615	-31128.13037	64935.64844	3305
466635	5258615	-28896.98312	64450.36719	3305
466635	5278615	-27192.7569	63232.93359	3305
466635	5298615	-25997.90091	61594.83594	3305
466635	5318615	-25383.08899	60071.875	3305
466635	5338615	-25126.06415	59536.61719	3305
466635	5358615	-25153.34765	60531.20313	3305
466635	5378615	-25380.3523	61632.64063	3305
466635	5398615	-25786.76627	61869.89844	3305
466635	5418615	-26220.26888	61375.82031	3305
466635	5438615	-26512.44388	60877.76953	3305
466635	5458615	-26556.54638	60835.76953	3305
466635	5478615	-26457.77425	60978.39063	3305
466635	5498615	-26334.11759	60721.39063	3305
486635	4898615	-24773.4109	71416.60156	3305
486635	4918615	-29542.1339	68117.48438	3305
486635	4938615	-32189.96143	66883.17188	3305
486635	4958615	-37311.52848	63089.22266	3305
486635	4978615	-42795.70894	58825.96484	3305
486635	4998615	-44467.59988	58227.74609	3335
486635	5018615	-42100.0458	61470.30078	3335
486635	5038615	-38086.36948	66084.5	3335
486635	5058615	-33707.04468	70745.76563	3335
486635	5078615	-25816.88397	78547.875	3335
486635	5098615	-22186.79822	81766.42969	3305
486635	5118615	-27962.06757	75334.96875	3305
486635	5138615	-37953.37208	64786.95703	3305
486635	5158615	-44810.6958	57816.11719	3305
486635	5178615	-44561.29528	58460.42578	3305
486635	5198615	-40035.0332	63358.45313	3305
486635	5218615	-35418.18578	67497.65625	3305
486635	5238615	-32282.64661	69039.53906	3305
486635	5258615	-29928.47674	68708.55469	3305
486635	5278615	-27988.30765	67513.21094	3305
486635	5298615	-26576.77195	65750.28125	3305
486635	5318615	-25766.77851	64007.85938	3305
486635	5338615	-25434.98932	62952.16406	3305
486635	5358615	-25507.98529	63125.875	3305
486635	5378615	-25685.25931	63682.05469	3305
486635	5398615	-25917.63799	63589.375	3305
486635	5418615	-26172.57551	62620.82422	3305
486635	5438615	-26328.41084	61595.79297	3305
486635	5458615	-26243.1377	61123.73047	3305
486635	5478615	-25956.49605	61014.35938	3305
486635	5498615	-25677.47244	60545.98438	3305
506635	4898615	-22636.95356	73805.75	3305
506635	4918615	-27073.07651	70963.11719	3305
506635	4938615	-31823.13117	67745.64063	3305
506635	4958615	-37716.34643	63295.27344	3305
506635	4978615	-42463.6546	59892.07422	3335
506635	4998615	-43243.72897	60329.28906	3335
506635	5018615	-40449.1238	64174.73828	3335
506635	5038615	-38340.32627	67104.71875	3335
506635	5058615	-36085.5528	69907.125	3335
506635	5078615	-29212.75464	76991.65625	3335
506635	5098615	-26290.0564	79815.64844	3305
506635	5118615	-33210.94227	72542.20313	3305
506635	5138615	-42799.40277	62541.05078	3305
506635	5158615	-47280.82532	58061.19141	3305
506635	5178615	-45839.56872	60481.17578	3305
506635	5198615	-41271.5138	66354.54688	3305
506635	5218615	-36914.1778	71103.79688	3305
506635	5238615	-33599.97083	73352.42969	3305
506635	5258615	-30967.64203	73477.36719	3305
506635	5278615	-28705.36511	72470.07813	3305
506635	5298615	-27050.60053	70616.96875	3305
506635	5318615	-26064.95496	68545.17969	3305
506635	5338615	-25682.81781	66770.07813	3305
506635	5358615	-25785.12427	65829.39063	3305
506635	5378615	-25983.09669	65413.24219	3305
506635	5398615	-26184.26935	64660.88281	3305
506635	5418615	-26370.66606	63277.75	3305
506635	5438615	-26487.0666	61988.1875	3305
506635	5458615	-26458.53736	61195.13672	3305
506635	5478615	-26284.95462	60748.71875	3305
506635	5498615	-26141.98395	60013.61328	3305
526635	4898615	-21670.96118	75118.21094	3305
526635	4918615	-25703.21253	72783.35156	3305
526635	4938615	-32429.63726	67689.46875	3305
526635	4958615	-38344.61963	63312.99219	3305
526635	4978615	-41218.06073	61891.14453	3335
526635	4998615	-39971.99024	64491.45703	3335
526635	5018615	-36018.6042	69676.55469	3335
526635	5038615	-35053.6975	71706.07813	3335
526635	5058615	-36217.40818	71407.29688	3335
526635	5078615	-33558.45856	74682.4375	3335
526635	5098615	-33150.05653	75478.46094	3335
526635	5118615	-40557.1463	68299.90625	3335
526635	5138615	-48803.80286	60096.55859	3305
526635	5158615	-51007.14197	58135.03125	3305
526635	5178615	-47533.45899	63022.37109	3305
526635	5198615	-42374.80908	70125.53125	3305
526635	5218615	-38428.68885	74985.01563	3305
526635	5238615	-34956.36878	77702.07031	3305
526635	5258615	-32015.21253	78311.875	3305
526635	5278615	-29411.682	77585.73438	3305
526635	5298615	-27536.7489	75680.3125	3305
526635	5318615	-26434.85748	73195.125	3305
526635	5338615	-25979.8197	70627.6875	3305
526635	5358615	-25998.19366	68500.26563	3305
526635	5378615	-26148.20581	66884.57813	3305
526635	5398615	-26368.01131	65291.78125	3305
526635	5418615	-26567.41446	63641.70313	3305
526635	5438615	-26720.70966	62295.21875	3305
526635	5458615	-26819.10443	61341.75781	3305
526635	5478615	-26868.64558	60634.29297	3305
526635	5498615	-26950.06662	59744.57031	3305
546635	4898615	-22526.06695	74688.73438	3305
546635	4918615	-26406.92988	72618.5	3305
546635	4938615	-33982.83759	66743.60156	3305
546635	4958615	-39013.22883	63333.99219	3305
546635	4978615	-39664.21686	64227.91797	3335
546635	4998615	-36768.04489	68605.5625	3335
546635	5018615	-31984.28125	74799.67969	3335
546635	5038615	-31116.50613	76983.17188	3335
546635	5058615	-33814.85781	75488.79688	3335
546635	5078615	-36758.22151	73622.49219	3335
546635	5098615	-40833.97058	70525.5625	3335
546635	5118615	-45618.59449	66684.64844	3335
546635	5138615	-50570.47461	62634.66016	3305
546635	5158615	-51670.64966	62607.47656	3305
546635	5178615	-49213.22058	66904.875	3305
546635	5198615	-44374.34412	73855.72656	3305
546635	5218615	-39910.85583	79077	3305
546635	5238615	-36142.79493	81819.375	3305
546635	5258615	-32948.26233	82704.98438	3305
546635	5278615	-30195.40994	82257.09375	3305
546635	5298615	-28203.89588	80347.59375	3305
546635	5318615	-27038.68793	77472.50781	3305
546635	5338615	-26470.28403	74240.61719	3305
546635	5358615	-26226.85285	71237.88281	3305
546635	5378615	-26169.46027	68636.20313	3305
546635	5398615	-26318.60095	66310.0625	3305
546635	5418615	-26618.04779	64305.09375	3305
546635	5438615	-26892.34521	62797.57031	3305
546635	5458615	-27101.55543	61748.27344	3305
546635	5478615	-27261.67236	60993.02344	3305
546635	5498615	-27442.39279	60236.29688	3305
566635	4898615	-23993.45749	73694.58594	3305
566635	4918615	-28873.72278	70678.85156	3305
566635	4938615	-37102.83197	64246.60547	3305
566635	4958615	-39923.03497	63126.37109	3305
566635	4978615	-37347.91835	67335.35938	3335
566635	4998615	-33684.16339	72593.85938	3335
566635	5018615	-29815.98832	78025.84375	3335
566635	5038615	-28689.27739	80679.50781	3335
566635	5058615	-32397.93161	78454.875	3335
566635	5078615	-38599.31195	73706.32813	3335
566635	5098615	-45153.98181	68614.34375	3335
566635	5118615	-48680.38025	66616.51563	3335
566635	5138615	-51139.3645	65838.07813	3305
566635	5158615	-51806.09083	67082.375	3305
566635	5178615	-50042.08349	71015.35938	3305
566635	5198615	-45945.79028	77101.91406	3305
566635	5218615	-41290.17699	82147.39063	3305
566635	5238615	-37310.2356	84761.79688	3305
566635	5258615	-33981.5798	85907.45313	3305
566635	5278615	-31178.59235	85847.92188	3305
566635	5298615	-29154.07441	84061.97656	3305
566635	5318615	-27946.00653	80963.85938	3305
566635	5338615	-27192.43036	77300.05469	3305
566635	5358615	-26722.00464	73609.375	3305
566635	5378615	-26456.66601	70298.79688	3305
566635	5398615	-26493.48087	67381.54688	3305
566635	5418615	-26788.7443	65000.99219	3305
566635	5438615	-27120.47769	63273.71875	3305
566635	5458615	-27391.72571	62169.99219	3305
566635	5478615	-27627.31803	61466.01172	3305
566635	5498615	-27888.57139	61021.64844	3305
586635	4898615	-26051.14328	72159.27344	3305
586635	4918615	-31814.8639	68295.64844	3305
586635	4938615	-40613.00439	61345.91016	3305
586635	4958615	-41133.78946	62604.875	3305
586635	4978615	-35809.71911	69657.71094	3335
586635	4998615	-31804.60102	75359.46875	3335
586635	5018615	-29337.61935	79505.34375	3335
586635	5038615	-27909.80296	82601.32813	3335
586635	5058615	-31369.81958	80795.36719	3335
586635	5078615	-37960.08167	75865.42969	3335
586635	5098615	-45131.84827	70406.40625	3335
586635	5118615	-49391.19959	67971.89063	3335
586635	5138615	-51722.71607	67659.29688	3335
586635	5158615	-52415.37354	69207.1875	3335
586635	5178615	-50659.61841	73146.125	3335
586635	5198615	-46749.95118	78752.89063	3335
586635	5218615	-42517.08277	83251.90625	3335
586635	5238615	-38738.77405	85884.19531	3305
586635	5258615	-35420.58374	87373.17188	3305
586635	5278615	-32569.27125	87755.71094	3305
586635	5298615	-30434.83294	86471.40625	3305
586635	5318615	-29027.53387	83554.99219	3305
586635	5338615	-28077.70136	79643.5	3305
586635	5358615	-27496.77106	75292.75	3305
586635	5378615	-27150.05817	71275.61719	3305
586635	5398615	-27058.88276	67837.71875	3305
586635	5418615	-27191.78854	65220.83594	3305
586635	5438615	-27443.85666	63416.30078	3305
586635	5458615	-27756.92392	62345.57031	3305
586635	5478615	-28117.60352	61736.46875	3305
586635	5498615	-28493.36512	61746.44141	3305
606635	4898615	-28678.33448	70044.42188	3305
606635	4918615	-34721.43921	65973.75	3305
606635	4938615	-42500.10189	60110.84375	3305
606635	4958615	-42226.30122	62255.21484	3335
606635	4978615	-36904.27786	69402.04688	3335
606635	4998615	-32224.39857	75860.17188	3335
606635	5018615	-29661.63308	80165.51563	3335
606635	5038615	-28651.61061	82892.60156	3335
606635	5058615	-30772.99402	82454.96094	3335
606635	5078615	-35386.23121	79500.625	3335
606635	5098615	-42081.9419	74473.46875	3335
606635	5118615	-48098.61353	70180.46875	3335
606635	5138615	-51774.84802	68333.96875	3335
606635	5158615	-52579.56788	69482.53125	3335
606635	5178615	-51029.91187	72816.6875	3335
606635	5198615	-47440.46986	77663.75	3335
606635	5218615	-43503.08351	81909.21875	3335
606635	5238615	-40271.98107	84632.57813	3305
606635	5258615	-37154.68188	86727.9375	3305
606635	5278615	-34232.87335	87960.40625	3305
606635	5298615	-31702.94861	87774.90625	3305
606635	5318615	-29941.75177	85408.5	3305
606635	5338615	-28955.99934	81200.16406	3305
606635	5358615	-28297.20462	76225.24219	3305
606635	5378615	-27902.58937	71526.00781	3305
606635	5398615	-27747.289	67540.19531	3305
606635	5418615	-27702.15395	64762.08984	3305
606635	5438615	-27821.25938	63037.38281	3305
606635	5458615	-28185.13617	62110.70313	3305
606635	5478615	-28681.09301	61735.07031	3305
606635	5498615	-29138.73948	62391.91797	3305
626635	4898615	-29542.34729	69810.44531	3305
626635	4918615	-36409.70316	65063.61719	3305
626635	4938615	-42253.0004	61238.95313	3305
626635	4958615	-41249.37501	64198.96875	3335
626635	4978615	-36321.20352	71014.07031	3335
626635	4998615	-32629.37505	76517.98438	3335
626635	5018615	-31230.26081	79657.90625	3335
626635	5038615	-30912.42469	81647	3335
626635	5058615	-31867.47305	82275.10938	3335
626635	5078615	-35292.85755	80326.32813	3335
626635	5098615	-41596.9441	75404.59375	3335
626635	5118615	-47982.22864	70330.89844	3335
626635	5138615	-51935.04053	67648.0625	3335
626635	5158615	-52507.83277	68320.35938	3335
626635	5178615	-51105.93848	70778.34375	3335
626635	5198615	-48096.82105	74480.08594	3335
626635	5218615	-44595.93494	78307.32813	3335
626635	5238615	-41160.52503	81951.34375	3335
626635	5258615	-37852.9098	85431.57813	3305
626635	5278615	-34852.20477	87967.29688	3305
626635	5298615	-32476.37066	88625.13281	3305
626635	5318615	-30931.08045	86358.36719	3305
626635	5338615	-29869.34241	81901.5	3305
626635	5358615	-28870.50364	76615.26563	3305
626635	5378615	-28279.67813	71475.84375	3305
626635	5398615	-28118.77197	66962.15625	3305
626635	5418615	-28090.98349	63906.14063	3305
626635	5438615	-28164.05454	62221.59375	3305
626635	5458615	-28418.68359	61562.98438	3305
626635	5478615	-28921.4974	61749.83984	3305
626635	5498615	-29411.3374	63099.15625	3305
646635	4898615	-30583.2597	70104.10156	3305
646635	4918615	-38292.37226	64640.51172	3305
646635	4938615	-42213.83241	62770.77734	3335
646635	4958615	-40042.44471	66885.46875	3335
646635	4978615	-35339.40251	73436.4375	3335
646635	4998615	-32090.19943	78436.65625	3335
646635	5018615	-30424.22535	81753.85156	3335
646635	5038615	-28778.1495	84928.59375	3335
646635	5058615	-29718.11603	85360.30469	3335
646635	5078615	-33908.42389	82327.00781	3335
646635	5098615	-40589.13104	76576.14063	3335
646635	5118615	-46933.11792	70939.08594	3335
646635	5138615	-51206.69983	67170.84375	3335
646635	5158615	-52097.48609	66607.33594	3335
646635	5178615	-50888.15821	67905.44531	3335
646635	5198615	-48426.89258	70293.85156	3335
646635	5218615	-45501.75903	73483.23438	3335
646635	5238615	-42086.15711	77861.07813	3335
646635	5258615	-38636.30579	82864.63281	3305
646635	5278615	-35485.84545	86975.32813	3305
646635	5298615	-33014.48243	88921.9375	3305
646635	5318615	-31567.36322	86908.42188	3305
646635	5338615	-30496.927	82025.92188	3305
646635	5358615	-29382.40487	76284.35938	3305
646635	5378615	-28634.35361	70827.17188	3305
646635	5398615	-28399.90397	65961.6875	3305
646635	5418615	-28355.78864	62737.02344	3305
646635	5438615	-28380.40366	60968.72266	3305
646635	5458615	-28475.56439	60073.45313	3305
646635	5478615	-28868.25576	60707.45703	3305
646635	5498615	-29336.56189	62342.91406	3305
666635	4898615	-32938.13922	69951.23438	3305
666635	4918615	-40893.15024	64254.71875	3335
666635	4938615	-42170.8138	64970.67969	3335
666635	4958615	-39151.19338	69825.1875	3335
666635	4978615	-34841.19564	75860.40625	3335
666635	4998615	-31253.04284	81064.73438	3335
666635	5018615	-28533.38315	85278.32813	3335
666635	5038615	-27060.42922	88072.125	3335
666635	5058615	-27697.02478	88531	3335
666635	5078615	-31161.16858	85839.71094	3335
666635	5098615	-38705.01442	78711.54688	3335
666635	5118615	-44777.3523	72688.15625	3335
666635	5138615	-48987.77466	68190.71875	3335
666635	5158615	-50976.09595	65615.61719	3335
666635	5178615	-50400.13024	65336.87891	3335
666635	5198615	-48428.38135	66443.625	3335
666635	5218615	-45928.96191	69045.97656	3335
666635	5238615	-43027.88367	73508.76563	3335
666635	5258615	-39687.17249	79531.41406	3305
666635	5278615	-36382.77039	84950.09375	3305
666635	5298615	-33629.18964	88166.40625	3305
666635	5318615	-31905.81507	86825.65625	3305
666635	5338615	-30891.96569	81728.76563	3305
666635	5358615	-29937.26089	75596.02344	3305
666635	5378615	-29166.41364	69933.78125	3305
666635	5398615	-28773.57426	64910.34375	3305
666635	5418615	-28634.89853	61701.24219	3305
666635	5438615	-28538.67499	59807.28125	3305
666635	5458615	-28462.50348	58079.52344	3305
666635	5478615	-28752.29074	57962.72656	3305
666635	5498615	-29195.84241	58671.92578	3305
686635	4898615	-37309.28052	68526.82813	3335
686635	4918615	-42657.18904	65301.85156	3335
686635	4938615	-41862.66159	67960.5625	3335
686635	4958615	-38378.68669	73135.39063	3335
686635	4978615	-34192.29137	78895.25781	3335
686635	4998615	-29160.97906	85376.35938	3335
686635	5018615	-26533.2957	89306.22656	3335
686635	5038615	-25605.11676	91315.54688	3335
686635	5058615	-26815.56717	90898.17969	3335
686635	5078615	-30736.37439	87352.5	3335
686635	5098615	-38628.40125	79372.72656	3335
686635	5118615	-43288.54871	74154.02344	3335
686635	5138615	-46361.82531	70118.4375	3335
686635	5158615	-48944.31397	66243.71094	3335
686635	5178615	-49783.81714	63954.80078	3335
686635	5198615	-48184.83326	64276.77734	3335
686635	5218615	-45649.41602	66872.58594	3335
686635	5238615	-43277.3424	71060.6875	3335
686635	5258615	-40322.44225	77015.29688	3335
686635	5278615	-37119.04455	82648.5625	3305
686635	5298615	-34448.52905	86119.90625	3305
686635	5318615	-32548.47889	85480.25	3305
686635	5338615	-31256.32339	81221.1875	3305
686635	5358615	-30410.68473	75267.90625	3305
686635	5378615	-29786.0073	69472.86719	3305
686635	5398615	-29327.94369	64326.98047	3305
686635	5418615	-28953.06464	61253.98438	3305
686635	5438615	-28653.61637	59304.53125	3305
686635	5458615	-28528.42356	56829.3125	3305
686635	5478615	-28767.2879	55089.39844	3305
686635	5498615	-29172.56498	53462.07813	3305
706635	4898615	-42185.38055	67100.65625	3335
706635	4918615	-43138.66141	68034.73438	3335
706635	4938615	-41059.40036	71807.95313	3335
706635	4958615	-37632.73566	76783.38281	3335
706635	4978615	-33477.20561	82373.39844	3335
706635	4998615	-28570.67309	88575.78125	3335
706635	5018615	-25487.53875	92778.21875	3335
706635	5038615	-24646.79017	94469.64063	3335
706635	5058615	-26402.28881	93216.23438	3335
706635	5078615	-31471.67645	88145.35938	3335
706635	5098615	-38774.13495	80297.64844	3335
706635	5118615	-41852.15467	76142	3335
706635	5138615	-44171.37951	72354.8125	3335
706635	5158615	-47860.76575	66949.14844	3335
706635	5178615	-49966.8722	63201.68359	3335
706635	5198615	-47905.24279	64051.26563	3335
706635	5218615	-44570.42236	67584.58594	3335
706635	5238615	-42780.12232	71090.17188	3335
706635	5258615	-40372.47803	76017.59375	3335
706635	5278615	-37481.42707	80859.98438	3305
706635	5298615	-35079.82806	83860.35938	3305
706635	5318615	-33249.23438	83639.26563	3305
706635	5338615	-31649.3002	80742.9375	3305
706635	5358615	-30718.22703	75823.10156	3305
706635	5378615	-30160.15637	70591.75	3305
706635	5398615	-29794.75051	65723.47656	3305
706635	5418615	-29319.86719	62681.30469	3305
706635	5438615	-28945.51373	60621.04297	3305
706635	5458615	-28877.10044	58171.05469	3305
706635	5478615	-29106.19586	55857.05469	3305
706635	5498615	-29420.08557	52679.25	3305
726635	4898615	-44227.2163	68854.17188	3335
726635	4918615	-42342.82572	72335.15625	3335
726635	4938615	-39998.82615	76185.39063	3335
726635	4958615	-37043.36806	80558.375	3335
726635	4978615	-33000.7564	85917.625	3335
726635	4998615	-28418.05401	91668.08594	3335
726635	5018615	-25084.35105	95962.92188	3335
726635	5038615	-23835.27337	97854.71875	3335
726635	5058615	-24981.59123	96938.39844	3335
726635	5078615	-29158.78747	92400.125	3335
726635	5098615	-34520.53357	86059.77344	3335
726635	5118615	-38507.37024	80519.71875	3335
726635	5138615	-43175.667	73966.97656	3335
726635	5158615	-49449.36768	65694.65625	3335
726635	5178615	-51388.3219	62061.96094	3335
726635	5198615	-47731.42774	64651.16797	3335
726635	5218615	-43612.16479	68943.84375	3335
726635	5238615	-42267.16907	71586.32813	3335
726635	5258615	-40408.23327	75302.88281	3335
726635	5278615	-37696.95594	79424.10938	3305
726635	5298615	-35238.88745	82227.98438	3305
726635	5318615	-33484.78596	82415.64063	3305
726635	5338615	-32051.71685	80522.29688	3305
726635	5358615	-30830.54132	77319.91406	3305
726635	5378615	-30049.76291	73610.59375	3305
726635	5398615	-29772.26081	69795.24219	3305
726635	5418615	-29694.78028	66941.71875	3305
726635	5438615	-29658.79309	64821.85938	3305
726635	5458615	-29601.28375	62671.78125	3305
726635	5478615	-29721.08755	60317.82813	3305
726635	5498615	-29864.98658	56767.14844	3305
746635	4898615	-43924.75833	73071.61719	3335
746635	4918615	-41514.9586	76780.35938	3335
746635	4938615	-39281.53326	80337.42188	3335
746635	4958615	-36396.77176	84531.64063	3335
746635	4978615	-32717.08168	89449.75	3335
746635	4998615	-28487.67239	94764.75	3335
746635	5018615	-25341.50073	98757.29688	3335
746635	5038615	-23818.206	100746.5547	3335
746635	5058615	-24482.63197	100056.9453	3335
746635	5078615	-27174.19645	96641.75	3335
746635	5098615	-31364.79511	91015.89063	3335
746635	5118615	-35893.73683	84425.08594	3335
746635	5138615	-42053.88159	75929.09375	3335
746635	5158615	-49087.40674	66580.82031	3335
746635	5178615	-50729.90418	63110.76953	3335
746635	5198615	-47099.00464	65664.35938	3335
746635	5218615	-43401.20727	69373.95313	3335
746635	5238615	-42420.98322	71235.74219	3335
746635	5258615	-40690.573	74361.20313	3335
746635	5278615	-38057.05396	78118.91406	3305
746635	5298615	-35622.25024	80896.75	3305
746635	5318615	-33883.37567	81644.04688	3335
746635	5338615	-32462.88724	80862.21094	3305
746635	5358615	-31108.50256	79246.89844	3305
746635	5378615	-30233.55197	77172.0625	3305
746635	5398615	-30026.08539	74886.03906	3305
746635	5418615	-30334.86618	72981.60156	3305
746635	5438615	-30657.3826	71466.82813	3305
746635	5458615	-30765.16407	69590.29688	3305
746635	5478615	-30676.18692	67256.38281	3305
746635	5498615	-30547.13812	64116.05859	3305
766635	4898615	-42335.15342	78519.71875	3335
766635	4918615	-40898.97402	80964.375	3335
766635	4938615	-38736.4781	84271.24219	3335
766635	4958615	-35767.05607	88453.94531	3335
766635	4978615	-32426.36879	92982.8125	3335
766635	4998615	-28605.99471	97846.47656	3335
766635	5018615	-26236.50413	100988.5234	3335
766635	5038615	-24847.01777	102697.3984	3335
766635	5058615	-24894.68985	102387.7813	3335
766635	5078615	-26410.19344	99778.98438	3335
766635	5098615	-29650.28909	94599.76563	3335
766635	5118615	-33462.47876	88129.39063	3335
766635	5138615	-38837.12391	79873.03125	3335
766635	5158615	-44330.92042	71680.73438	3335
766635	5178615	-46535.5398	67415.88281	3335
766635	5198615	-45592.48511	67205.30469	3335
766635	5218615	-44123.17701	68581.32813	3335
766635	5238615	-43420.12104	69968.40625	3335
766635	5258615	-41411.26575	73129.33594	3335
766635	5278615	-38600.06189	76942.96875	3305
766635	5298615	-36236.67151	79774.89063	3305
766635	5318615	-34544.27441	81028.3125	3335
766635	5338615	-33000.88754	81334.40625	3335
766635	5358615	-31902.25803	80732.53125	3305
766635	5378615	-31398.70477	79696.86719	3305
766635	5398615	-31433.81721	78723.82031	3305
766635	5418615	-31631.33923	78435.60156	3305
766635	5438615	-31846.37243	78242.84375	3305
766635	5458615	-32076.80342	76834.73438	3305
766635	5478615	-31921.12107	74525.71875	3305
766635	5498615	-31569.46515	72184.75	3305
786635	4898615	-41446.06795	83040.73438	3335
786635	4918615	-40208.76328	85013.65625	3335
786635	4938615	-37929.02858	88254.32813	3335
786635	4958615	-34987.822	92301.15625	3335
786635	4978615	-32062.18311	96364.03906	3335
786635	4998615	-29560.2427	99882.75	3335
786635	5018615	-27707.58219	102466.1563	3335
786635	5038615	-26685.8867	103691.5156	3335
786635	5058615	-26513.75486	103399.2031	3335
786635	5078615	-26908.98838	101548.2188	3335
786635	5098615	-28411.8424	97544.47656	3335
786635	5118615	-31303.23868	91275.35938	3335
786635	5138615	-35806.45202	83206.35938	3335
786635	5158615	-40314.79493	75477.60938	3335
786635	5178615	-43048.34716	70401.23438	3335
786635	5198615	-44352.44483	67856.35938	3335
786635	5218615	-44916.9336	67213.98438	3335
786635	5238615	-44406.51428	68439.49219	3335
786635	5258615	-42040.83618	71991.44531	3335
786635	5278615	-38989.98707	76143.875	3305
786635	5298615	-36661.36292	79177.76563	3305
786635	5318615	-35038.84869	80818.59375	3335
786635	5338615	-33455.77647	81909.95313	3335
786635	5358615	-32421.67962	82124.65625	3305
786635	5378615	-32309.16892	81668.25	3305
786635	5398615	-32716.56873	81354.54688	3335
786635	5418615	-32727.51959	82400.8125	3335
786635	5438615	-32743.18591	83380.42188	3335
786635	5458615	-33092.35543	82439.40625	3335
786635	5478615	-33195.30798	80226.17188	3335
786635	5498615	-32858.31534	78833.10938	3335
806635	4898615	-40874.16551	86884.9375	3335
806635	4918615	-39416.22028	88806.76563	3335
806635	4938615	-36772.55215	92190.53125	3335
806635	4958615	-33850.79009	96045.84375	3335
806635	4978615	-31409.89591	99492.64844	3335
806635	4998615	-30015.42314	101804.9375	3335
806635	5018615	-29038.24296	103423.4375	3335
806635	5038615	-28555.71131	103993.8906	3335
806635	5058615	-28909.50974	103040.5234	3335
806635	5078615	-28540.98792	101689.0234	3335
806635	5098615	-28829.39461	98356.47656	3335
806635	5118615	-31639.94721	91344.50781	3335
806635	5138615	-35923.86163	82695.79688	3335
806635	5158615	-40295.13529	74508.14844	3335
806635	5178615	-42636.06483	69542.00781	3335
806635	5198615	-44305.83093	66620.88281	3335
806635	5218615	-45568.63953	65474.83594	3335
806635	5238615	-44836.28747	67174.64063	3335
806635	5258615	-42230.76941	71222.35938	3335
806635	5278615	-39260.24879	75576.77344	3335
806635	5298615	-37072.48432	78771.85938	3335
806635	5318615	-35637.69116	80598.71875	3335
806635	5338615	-33947.31173	82237.50781	3335
806635	5358615	-32436.06711	83381.875	3335
806635	5378615	-32102.61344	83490.23438	3335
806635	5398615	-32560.08994	83211.73438	3335
806635	5418615	-32897.10937	83772.38281	3335
806635	5438615	-33328.59714	84549.625	3335
806635	5458615	-34023.27588	84085.90625	3335
806635	5478615	-34532.39716	82557.85156	3335
806635	5498615	-34286.24854	82432.11719	3335
826635	4898615	-40653.63828	89971.25	3335
826635	4918615	-38840.07967	91962.15625	3335
826635	4938615	-35780.40771	95482.53125	3335
826635	4958615	-32732.49695	99199.65625	3335
826635	4978615	-30652.56716	102032.4531	3335
826635	4998615	-30129.92888	103245.3594	3335
826635	5018615	-30166.80646	103659.3359	3335
826635	5038615	-29808.00024	103941.5469	3335
826635	5058615	-31081.90818	102000.5313	3335
826635	5078615	-31181.15508	100089.2422	3335
826635	5098615	-31159.46716	96610.42188	3335
826635	5118615	-33329.26625	89341.89063	3335
826635	5138615	-36977.52307	80447.5	3335
826635	5158615	-41160.44386	71804.35938	3335
826635	5178615	-43245.73359	66877	3335
826635	5198615	-44732.28235	64235.98438	3335
826635	5218615	-46063.16822	63345.45703	3335
826635	5238615	-45114.78541	65718.875	3335
826635	5258615	-42514.46821	70272.11719	3335
826635	5278615	-39792.56573	74815.28125	3335
826635	5298615	-37873.20246	78095.21094	3335
826635	5318615	-36611.26264	80036.57813	3335
826635	5338615	-34910.2768	81874.45313	3335
826635	5358615	-33098.88739	83450.45313	3335
826635	5378615	-32498.15393	83651.96875	3335
826635	5398615	-32794.79944	82992.53125	3335
826635	5418615	-33364.0431	82066.5625	3335
826635	5438615	-34144.36712	81588.80469	3335
826635	5458615	-35047.54932	81775.35938	3335
826635	5478615	-35652.55835	81898.53125	3335
826635	5498615	-35378.45542	83431.0625	3335
846635	4898615	-40681.80603	92407.55469	3335
846635	4918615	-38621.27882	94326.70313	3335
846635	4938615	-35376.5137	97683.70313	3335
846635	4958615	-32095.14998	101271.4766	3335
846635	4978615	-29954.11595	103786.3438	3335
846635	4998615	-29747.85055	104302.2656	3335
846635	5018615	-30820.8682	103327.8203	3335
846635	5038615	-31511.37721	102219.7813	3335
846635	5058615	-32874.40646	99970.8125	3335
846635	5078615	-34217.25115	96918.14063	3335
846635	5098615	-35056.09522	92404.71875	3335
846635	5118615	-35332.34442	86241.41406	3335
846635	5138615	-36791.00623	78711.15625	3335
846635	5158615	-39393.53821	71083.67188	3335
846635	5178615	-42433.0498	65069.55469	3335
846635	5198615	-44784.99537	61789.01953	3335
846635	5218615	-46284.02331	61211.25781	3335
846635	5238615	-45643.66662	63880.64453	3335
846635	5258615	-43307.7727	68810.73438	3335
846635	5278615	-40861.07764	73612.92188	3335
846635	5298615	-39092.02691	77101.79688	3335
846635	5318615	-37948.06986	79152.65625	3335
846635	5338615	-36551.22763	80827.72656	3335
846635	5358615	-35400.33667	81774.3125	3335
846635	5378615	-34825.40911	81817.125	3335
846635	5398615	-34789.87838	81183.46875	3335
846635	5418615	-34957.5658	80012.59375	3335
846635	5438615	-35479.06207	78988.15625	3335
846635	5458615	-36107.01945	79450.6875	3335
846635	5478615	-36151.65878	81133.8125	3335
846635	5498615	-35653.06986	83851.32031	3335
866635	4898615	-40178.2555	95049.48438	3335
866635	4918615	-37748.81824	96995.53125	3335
866635	4938615	-34694.32931	99769.3125	3335
866635	4958615	-31346.76726	102999.8438	3335
866635	4978615	-28983.45982	105289.9375	3335
866635	4998615	-29156.44428	104957.5156	3335
866635	5018615	-31771.72415	101965.75	3335
866635	5038615	-34237.48274	98612.51563	3335
866635	5058615	-35870.33403	95687.4375	3335
866635	5078615	-36955.81326	92904.66406	3335
866635	5098615	-37701.09781	88518.17188	3335
866635	5118615	-37688.2093	82201.89063	3335
866635	5138615	-37294.43555	75975.14063	3335
866635	5158615	-36669.21387	71169.17188	3335
866635	5178615	-39069.58954	65743.21875	3335
866635	5198615	-42930.34741	61233.50391	3335
866635	5218615	-45600.06129	60013.64063	3335
866635	5238615	-45396.82434	62914.02734	3335
866635	5258615	-43506.42896	68143.875	3335
866635	5278615	-41411.68311	73221.78125	3335
866635	5298615	-39730.66693	76955.60938	3335
866635	5318615	-38491.88629	79224.3125	3335
866635	5338615	-37261.50714	80844.64063	3335
866635	5358615	-36295.97405	81636.75	3335
866635	5378615	-35735.55753	81612.78125	3335
866635	5398615	-35666.66388	80852.40625	3335
866635	5418615	-35927.49182	79641.04688	3335
866635	5438615	-36398.07431	78709.4375	3335
866635	5458615	-36714.59987	79231.69531	3335
866635	5478615	-36285.53458	81324.375	3335
866635	5498615	-35521.31561	84299.1875	3335
886635	4898615	-38713.15315	98443.9375	3335
886635	4918615	-36226.34888	100073.3281	3335
886635	4938615	-34067.99307	101535.7109	3335
886635	4958615	-31764.96551	103279.7891	3335
886635	4978615	-30187.0051	104333.5	3335
886635	4998615	-30880.33102	103022.9531	3335
886635	5018615	-33759.34872	99302.5	3335
886635	5038615	-36977.42468	94819.14063	3335
886635	5058615	-38549.73737	91627.02344	3335
886635	5078615	-38839.37305	89215.92188	3335
886635	5098615	-38958.11676	85237.60938	3335
886635	5118615	-39698.45575	78229.08594	3335
886635	5138615	-38599.90417	72712.85938	3335
886635	5158615	-35021.70588	70793.11719	3335
886635	5178615	-35957.8042	66834.69531	3335
886635	5198615	-40060.00855	62279.28906	3335
886635	5218615	-43176.8385	61033.87109	3335
886635	5238615	-43081.21387	64423.20703	3335
886635	5258615	-42228.94031	69366.82813	3335
886635	5278615	-41228.94849	74047.79688	3335
886635	5298615	-39739.49194	77931.52344	3335
886635	5318615	-38193.05402	80525.74219	3335
886635	5338615	-36985.21137	82191.09375	3335
886635	5358615	-35737.71823	83309.41406	3335
886635	5378615	-35053.41239	83378.78125	3335
886635	5398615	-35205.56882	82336.27344	3335
886635	5418615	-35903.07017	80824.1875	3335
886635	5438615	-36591.39758	79795.99219	3335
886635	5458615	-36816.27338	80161.53906	3335
886635	5478615	-36146.72501	82121.21094	3335
886635	5498615	-35287.81211	84747.46875	3335
906635	4898615	-36599.8484	102383.4531	3335
906635	4918615	-35061.9855	102673.5	3335
906635	4938615	-34872.14187	101749.9375	3335
906635	4958615	-35060.55199	100577.8594	3335
906635	4978615	-35315.87589	99396.3125	3335
906635	4998615	-35803.25117	97919.46875	3335
906635	5018615	-36588.99705	95951.6875	3335
906635	5038615	-37823.77936	93180.875	3335
906635	5058615	-38935.71088	90151.95313	3335
906635	5078615	-39365.40845	87035.21875	3335
906635	5098615	-40061.34211	82165.70313	3335
906635	5118615	-40777.91298	75448.125	3335
906635	5138615	-39372.50281	70658.46094	3335
906635	5158615	-35267.74372	69544.34375	3335
906635	5178615	-35351.61627	66316.96875	3335
906635	5198615	-37126.4021	63883.28516	3335
906635	5218615	-38247.13642	64821.85547	3335
906635	5238615	-38396.35986	68514.39063	3335
906635	5258615	-39192.69482	72610.10938	3335
906635	5278615	-39800.8003	76465.23438	3335
906635	5298615	-38933.7262	80276.80469	3335
906635	5318615	-37363.30067	83065.04688	3335
906635	5338615	-36608.02249	84184.67969	3335
906635	5358615	-35662.72749	84925.76563	3335
906635	5378615	-35180.59227	84690.47656	3335
906635	5398615	-35315.06112	83560.79688	3335
906635	5418615	-35913.33933	82108.82813	3335
906635	5438615	-36377.41236	81222.46094	3335
906635	5458615	-36418.16333	81489.94531	3335
906635	5478615	-35675.40145	83144.125	3335
906635	5498615	-34950.21084	85179.41406	3335
926635	4898615	-35107.9973	105346.9844	3335
926635	4918615	-35096.19603	103936.1484	3335
926635	4938615	-36036.35278	101541.3984	3335
926635	4958615	-37085.86453	99121.95313	3335
926635	4978615	-37698.9696	97253.20313	3335
926635	4998615	-38110.52805	95595.0625	3335
926635	5018615	-38385.7041	93970.75	3335
926635	5038615	-38810.4937	91860.86719	3335
926635	5058615	-39273.74425	89244.5	3335
926635	5078615	-39084.00605	86297.04688	3335
926635	5098615	-39531.85486	81334.61719	3335
926635	5118615	-41062.92009	73837	3335
926635	5138615	-40031.78412	68868.54688	3335
926635	5158615	-35066.24207	68717.75	3335
926635	5178615	-31991.81671	68183.17969	3335
926635	5198615	-31488.72223	67410.39844	3335
926635	5218615	-32359.1709	68757.34375	3305
926635	5238615	-34178.90973	71668.5	3305
926635	5258615	-35923.71411	76141.35938	3335
926635	5278615	-37022.1554	80699.08594	3335
926635	5298615	-37003.49939	84611.67969	3335
926635	5318615	-36234.16065	86955.85938	3335
926635	5338615	-35838.70722	87522.85938	3335
926635	5358615	-35497.35488	87235.8125	3335
926635	5378615	-35608.79676	86048.13281	3335
926635	5398615	-35878.77228	84422.59375	3335
926635	5418615	-35843.43991	83329.0625	3335
926635	5438615	-35617.83464	82883.82813	3335
926635	5458615	-35302.68216	83215.59375	3335
926635	5478615	-34908.59001	84203.04688	3335
926635	5498615	-34652.40225	85398.28125	3335
