# These data are freely available under the Creative Commons Attribution 4.0 International Licence (CC BY 4.0)					
# when using the data please cite as: 					
# Spooner, Cameron; Scheck-Wenderoth, Magdalena; Götze, Hans-Jürgen; Ebbing, Jörg; Hetényi, György (2019): 3D Gravity Constrained Model of Density Distribution Across the Alpine Lithosphere. GFZ Data Services. http://doi.org/10.5880/GFZ.4.5.2019.004
X COORD (UTM Zone 32N)	Y COORD (UTM Zone 32N)	TOP (m.a.s.l)	THICKNESS (m)	DENSITY (Kg/m3)
286635	4898615	1172.001098	2686.690918	2670
286635	4918615	1325.885497	3166.366699	2670
286635	4938615	1272.767577	3192.399414	2670
286635	4958615	1756.815429	3770.099121	2670
286635	4978615	2497.590819	4522.77832	2670
286635	4998615	2247.608642	4317.875	2670
286635	5018615	1363.896606	3393.976807	2670
286635	5038615	1075.30725	2879.037109	2670
286635	5058615	842.409484	3667.988525	2670
286635	5078615	945.829711	4143.607422	2670
286635	5098615	987.722472	4697.067871	2670
286635	5118615	431.834168	4610.000488	2670
286635	5138615	416.628479	4759.995117	2670
286635	5158615	813.703064	5160.376953	2670
286635	5178615	1061.488402	4435.866699	2670
286635	5198615	810.007018	2772.248535	2670
286635	5218615	528.62323	2612.78125	2670
286635	5238615	317.514221	1964.574707	2670
286635	5258615	245.520523	1247.199829	2670
286635	5278615	276.393585	869.041626	2670
286635	5298615	200.544266	364.411713	2670
286635	5318615	248.13826	317.022858	2670
286635	5338615	293.907349	771.779541	2670
286635	5358615	273.466126	1038.68689	2670
286635	5378615	236.387406	1155.01062	2670
286635	5398615	193.147721	1161.506958	2670
286635	5418615	158.21428	1184.276733	2670
286635	5438615	148.783325	1314.12207	2670
286635	5458615	105.943008	1171.789063	2670
286635	5478615	86.886383	877.67334	2670
286635	5498615	215.514008	959.987549	2670
306635	4898615	1719.538329	1413.688477	2670
306635	4918615	1794.428832	1705.072144	2670
306635	4938615	1694.067626	1576.621948	2670
306635	4958615	1722.751342	1721.884033	2670
306635	4978615	1978.038329	2173.787842	2670
306635	4998615	2100.117675	2558.44043	2670
306635	5018615	1979.311279	3010.383789	2670
306635	5038615	1369.711303	3003.401611	2670
306635	5058615	1382.137939	3913.148438	2670
306635	5078615	1290.435791	4102.350586	2670
306635	5098615	1322.675537	4681.362305	2670
306635	5118615	980.072204	4853.619141	2670
306635	5138615	462.635528	4718.515625	2670
306635	5158615	456.302826	4955.985352	2670
306635	5178615	785.054992	4249.961426	2670
306635	5198615	953.493591	2882.863037	2670
306635	5218615	783.913574	2937.671875	2670
306635	5238615	472.464569	2343.646729	2670
306635	5258615	264.346618	1351.463745	2670
306635	5278615	208.845536	737.85791	2670
306635	5298615	258.950989	325.986572	2670
306635	5318615	362.556427	320.900757	2670
306635	5338615	325.679352	832.048889	2670
306635	5358615	243.132278	1102.934814	2670
306635	5378615	178.842971	1184.75354	2670
306635	5398615	158.142746	1365.734131	2670
306635	5418615	167.015961	1488.047852	2670
306635	5438615	182.170059	1670.92041	2670
306635	5458615	155.044617	1636.776978	2670
306635	5478615	127.802322	990.334106	2670
306635	5498615	220.653946	640.553711	2670
326635	4898615	1789.65564	296.442139	2670
326635	4918615	2155.017333	496.105835	2670
326635	4938615	2187.529785	438.499023	2670
326635	4958615	2062.93164	417.850464	2670
326635	4978615	1953.235962	528.544556	2670
326635	4998615	1979.115356	988.008423	2670
326635	5018615	2282.587402	2189.787354	2670
326635	5038615	2219.42578	3531.902832	2670
326635	5058615	1839.433837	4059.623047	2670
326635	5078615	1863.836914	4289.703125	2670
326635	5098615	1605.914428	4860.459961	2670
326635	5118615	1435.672119	5253.303711	2670
326635	5138615	1024.870483	5241.091309	2670
326635	5158615	667.050719	5243.986816	2670
326635	5178615	554.812927	4166.428711	2670
326635	5198615	643.303162	2753.963379	2670
326635	5218615	854.810242	3136.696777	2670
326635	5238615	601.325806	2764.691406	2670
326635	5258615	291.870453	1431.41626	2670
326635	5278615	272.238434	495.354614	2670
326635	5298615	497.109314	102.926788	2670
326635	5318615	586.637084	268.174927	2670
326635	5338615	343.177582	540.96875	2670
326635	5358615	205.634918	984.465759	2670
326635	5378615	210.59845	1242.138428	2670
326635	5398615	171.804901	1674.492676	2670
326635	5418615	171.623307	1911.177124	2670
326635	5438615	203.925492	1931.795166	2670
326635	5458615	230.725174	2137.470215	2670
326635	5478615	213.305939	1337.708618	2670
326635	5498615	260.901673	111.814529	2670
346635	4898615	1791.189941	326.195435	2670
346635	4918615	2000.760131	400.936646	2670
346635	4938615	2072.883056	493.155151	2670
346635	4958615	1951.055297	600.457642	2670
346635	4978615	1797.570068	911.70105	2670
346635	4998615	1552.608398	575.745728	2670
346635	5018615	2239.244873	1002.00647	2670
346635	5038615	2627.78247	2624.28125	2670
346635	5058615	2206.80078	3799.01416	2670
346635	5078615	2415.689452	4580.547852	2670
346635	5098615	2081.010986	5034.462891	2670
346635	5118615	1301.082397	5019.797852	2670
346635	5138615	1068.769409	5242.825195	2670
346635	5158615	976.139892	5478.850586	2670
346635	5178615	675.19995	4533.278809	2670
346635	5198615	326.141358	3026.611572	2670
346635	5218615	725.478821	3438.665039	2670
346635	5238615	771.439025	3456.010254	2670
346635	5258615	270.041077	1967.656494	2670
346635	5278615	114.992508	1217.04834	2670
346635	5298615	616.72528	615.058472	2670
346635	5318615	764.577087	20.100037	2700
346635	5338615	555.367248	177.971649	2670
346635	5358615	254.026352	370.631226	2670
346635	5378615	245.580338	869.151917	2670
346635	5398615	200.965073	1629.856201	2670
346635	5418615	161.026901	2371.697754	2670
346635	5438615	195.92395	2642.708984	2670
346635	5458615	180.262833	2812.305664	2670
346635	5478615	185.924194	2444.387207	2670
346635	5498615	369.132568	1111.289673	2670
366635	4898615	1571.735718	455.621704	2670
366635	4918615	1048.538695	285.072571	2670
366635	4938615	798.235778	284.736755	2670
366635	4958615	466.141907	1017.973755	2670
366635	4978615	553.41101	2123.233154	2670
366635	4998615	927.037719	307.476746	2670
366635	5018615	1536.380126	281.029175	2670
366635	5038615	2179.996093	1684.377441	2670
366635	5058615	1830.850829	1895.508545	2670
366635	5078615	2047.639159	3995.580566	2670
366635	5098615	1837.274658	4447.275391	2670
366635	5118615	1241.300048	4730.913574	2670
366635	5138615	1858.608031	5947.498047	2670
366635	5158615	1458.150756	5855.499512	2670
366635	5178615	944.24115	5060.088379	2670
366635	5198615	112.958251	3463.737549	2670
366635	5218615	-708.029664	2306.817383	2670
366635	5238615	848.227477	3689.785645	2670
366635	5258615	217.31543	2602.011963	2670
366635	5278615	-997.337371	1549.645874	2670
366635	5298615	-1252.198608	547.257935	2670
366635	5318615	457.943787	1042.26001	2670
366635	5338615	458.196136	526.522339	2670
366635	5358615	570.228271	399.343353	2670
366635	5378615	456.2052	424.001068	2670
366635	5398615	234.557663	1123.224854	2670
366635	5418615	222.800568	2279.463379	2670
366635	5438615	206.229431	3213.11084	2670
366635	5458615	233.232788	3673.232178	2670
366635	5478615	268.844605	3759.10498	2670
366635	5498615	383.250702	2774.370361	2670
386635	4898615	1023.151794	217.711426	2670
386635	4918615	421.567658	182.35257	2670
386635	4938615	182.870087	107.957886	2670
386635	4958615	95.894013	1480.428711	2670
386635	4978615	-100.051361	3357.13916	2670
386635	4998615	189.560654	165.318512	2670
386635	5018615	337.675598	1618.986938	2670
386635	5038615	962.237609	1685.438965	2670
386635	5058615	1951.987671	760.879883	2670
386635	5078615	2089.909179	2462.731445	2670
386635	5098615	2252.965332	4526.725586	2670
386635	5118615	1606.51477	4980.202148	2670
386635	5138615	1746.690063	5701.978516	2670
386635	5158615	1431.79663	5779.492676	2670
386635	5178615	902.430602	5142.234375	2670
386635	5198615	140.417297	3718.360596	2670
386635	5218615	-1861.045685	733.36084	2670
386635	5238615	732.108398	2467.533936	2670
386635	5258615	275.797241	1940.462036	2670
386635	5278615	-336.085876	1560.84668	2670
386635	5298615	-773.942856	1313.082031	2670
386635	5318615	-2378.25885	355.143311	2670
386635	5338615	-756.51004	1001.689697	2670
386635	5358615	-423.262512	1048.496094	2670
386635	5378615	220.713119	1534.397949	2670
386635	5398615	90.743507	1543.760376	2670
386635	5418615	153.678238	1211.764893	2670
386635	5438615	241.884385	2147.824219	2670
386635	5458615	170.043243	3258.283203	2670
386635	5478615	212.854339	3932.011475	2670
386635	5498615	343.7211	3384.620605	2670
406635	4898615	1061.383423	334.384033	2670
406635	4918615	366.980835	166.59346	2670
406635	4938615	280.15036	460.531281	2670
406635	4958615	-63.848359	2626.3396	2670
406635	4978615	-3385.280243	990.817627	2670
406635	4998615	-205.317841	3810.34668	2670
406635	5018615	-433.764587	5095.655273	2670
406635	5038615	248.904053	3232.371582	2670
406635	5058615	1460.797607	1344.058594	2670
406635	5078615	2271.032714	648.788208	2670
406635	5098615	2571.071045	3108.522949	2670
406635	5118615	1911.656249	4297.77002	2670
406635	5138615	1932.055298	5289.831055	2670
406635	5158615	1621.637939	5874.574707	2670
406635	5178615	1051.803223	5746.834961	2670
406635	5198615	-65.089234	4122.368164	2670
406635	5218615	-2864.402467	20.100098	2680
406635	5238615	484.733307	1362.973877	2670
406635	5258615	449.930786	821.788635	2670
406635	5278615	64.494293	324.222229	2670
406635	5298615	613.806762	884.339722	2670
406635	5318615	-652.234664	681.72583	2670
406635	5338615	-25.342194	1362.937256	2670
406635	5358615	-1356.327942	743.12085	2670
406635	5378615	-1705.708115	1450.403809	2670
406635	5398615	-2552.846985	875.464111	2670
406635	5418615	194.25946	1412.947998	2670
406635	5438615	164.262054	752.871582	2670
406635	5458615	254.404953	1684.443359	2670
406635	5478615	276.504486	3075.170654	2670
406635	5498615	207.97316	3423.154785	2670
426635	4898615	832.546203	382.74765	2670
426635	4918615	538.070618	156.377594	2670
426635	4938615	385.286255	1060.646606	2670
426635	4958615	-745.250016	2519.371582	2670
426635	4978615	-1364.573777	2684.744141	2670
426635	4998615	-5473.304535	3544.602051	2670
426635	5018615	-7100.763336	923.257324	2670
426635	5038615	-4011.006775	2231.25293	2670
426635	5058615	1248.978271	2306.193359	2670
426635	5078615	1437.841308	81.743652	2670
426635	5098615	1969.141968	957.950623	2670
426635	5118615	1961.827026	2436.634766	2670
426635	5138615	2042.33496	4239.886719	2670
426635	5158615	2222.43457	6194.072266	2670
426635	5178615	1237.627563	6501.871094	2670
426635	5198615	171.534911	5183.931641	2670
426635	5218615	-3212.264954	20.100098	2680
426635	5238615	80.819305	1478.599487	2670
426635	5258615	493.371277	805.188843	2670
426635	5278615	521.02069	74.833801	2670
426635	5298615	1009.059997	270.713623	2670
426635	5318615	647.990966	182.9888	2670
426635	5338615	465.112945	296.548706	2670
426635	5358615	301.112427	568.09021	2670
426635	5378615	-281.894806	1312.400635	2670
426635	5398615	-1597.07151	1870.887817	2670
426635	5418615	-1110.149978	2258.675293	2670
426635	5438615	-561.114273	1277.307129	2670
426635	5458615	267.004975	1239.565674	2670
426635	5478615	212.607651	1587.141357	2670
426635	5498615	77.425828	2025.7323	2670
446635	4898615	152.883362	176.979752	2670
446635	4918615	426.796448	213.729553	2670
446635	4938615	313.648315	815.219238	2670
446635	4958615	-993.434891	1410.407593	2670
446635	4978615	-467.606903	4489.011719	2670
446635	4998615	-5436.711456	5324.151367	2670
446635	5018615	-5528.29274	1839.280273	2670
446635	5038615	-5363.850311	100.294434	2670
446635	5058615	409.196381	259.204742	2670
446635	5078615	702.745788	20.100037	2700
446635	5098615	789.38916	266.543274	2670
446635	5118615	1262.876221	723.01947	2670
446635	5138615	2129.024658	3222.385254	2670
446635	5158615	2306.452148	5993.421875	2670
446635	5178615	1627.2229	7510.236328	2670
446635	5198615	856.176818	6890.048828	2670
446635	5218615	-3183.665619	654.551514	2670
446635	5238615	-1235.829041	935.335693	2670
446635	5258615	340.173218	1321.147827	2670
446635	5278615	483.053955	362.07428	2670
446635	5298615	745.734008	153.468323	2670
446635	5318615	806.123535	203.126099	2670
446635	5338615	661.241577	252.573364	2670
446635	5358615	451.172485	216.188187	2670
446635	5378615	659.801452	401.547455	2670
446635	5398615	143.309738	1232.281006	2670
446635	5418615	-2930.381828	809.722656	2670
446635	5438615	-3010.483841	1596.592041	2670
446635	5458615	-2294.371284	1049.328369	2670
446635	5478615	-1400.388908	964.193237	2670
446635	5498615	-614.604706	1433.230957	2670
466635	4898615	-637.450013	192.116638	2670
466635	4918615	111.733642	217.373886	2670
466635	4938615	-212.505219	20.100006	2700
466635	4958615	-2426.913567	20.100098	2680
466635	4978615	-2139.787711	6455.890625	2670
466635	4998615	-7148.951057	3559.192871	2700
466635	5018615	-6623.443382	803.585449	2700
466635	5038615	-3757.270767	1824.057129	2670
466635	5058615	267.723572	3030.034912	2670
466635	5078615	-105.796173	1096.42334	2670
466635	5098615	429.254761	509.995361	2670
466635	5118615	1258.903808	430.650452	2670
466635	5138615	1698.435058	1889.748169	2670
466635	5158615	2116.444336	5664.529297	2670
466635	5178615	1836.665771	8596.725586	2670
466635	5198615	937.282165	8381.72168	2670
466635	5218615	-1165.776673	3696.106201	2670
466635	5238615	-2997.954102	20.100098	2680
466635	5258615	29.736603	1628.643555	2670
466635	5278615	427.833924	1010.518555	2670
466635	5298615	430.486083	391.201447	2670
466635	5318615	605.506164	412.327576	2670
466635	5338615	621.578552	564.130981	2670
466635	5358615	534.65332	867.362305	2670
466635	5378615	619.914001	565.195984	2670
466635	5398615	696.579223	298.669708	2670
466635	5418615	247.709518	1709.911987	2670
466635	5438615	-1786.736359	2324.406738	2670
466635	5458615	-3157.369133	799.608887	2670
466635	5478615	-2799.118973	343.397461	2670
466635	5498615	-3563.858307	20.100098	2680
486635	4898615	-1104.367554	132.682983	2670
486635	4918615	-291.877578	238.031708	2670
486635	4938615	23.010314	976.877991	2670
486635	4958615	-525.186676	4557.098633	2670
486635	4978615	-6766.182571	4064.333008	2700
486635	4998615	-6758.008567	2335.191895	2700
486635	5018615	-6787.131736	942.416992	2700
486635	5038615	-7350.633636	1206.995605	2700
486635	5058615	-7783.398682	669.269043	2670
486635	5078615	-2804.307556	2883.109619	2670
486635	5098615	615.393432	3052.515869	2670
486635	5118615	945.098876	921.587341	2670
486635	5138615	1406.621093	974.051758	2670
486635	5158615	1789.796875	5340.830566	2670
486635	5178615	1922.141235	9555.696289	2670
486635	5198615	1618.066406	10575.55273	2670
486635	5218615	669.08667	6779.993164	2670
486635	5238615	-4405.450806	20.100098	2700
486635	5258615	-583.474671	1656.652466	2670
486635	5278615	-355.274567	1141.837769	2670
486635	5298615	298.178619	1089.161499	2670
486635	5318615	786.634826	1013.126221	2670
486635	5338615	627.640075	947.387207	2670
486635	5358615	392.531677	1150.040405	2670
486635	5378615	350.30368	969.484863	2670
486635	5398615	246.646286	251.85849	2670
486635	5418615	140.641663	723.920288	2670
486635	5438615	220.642136	2060.195557	2670
486635	5458615	175.531494	2007.75708	2670
486635	5478615	246.426193	1187.230835	2670
486635	5498615	370.539276	685.125	2670
506635	4898615	-943.74884	875.782837	2670
506635	4918615	-465.14682	3830.03418	2670
506635	4938615	-3302.920716	5610.747559	2670
506635	4958615	-4699.055908	5969.117676	2670
506635	4978615	-7407.958313	2481.578125	2700
506635	4998615	-5851.659629	1719.249023	2700
506635	5018615	-5778.202895	1028.779297	2700
506635	5038615	-6185.139252	1889.450684	2700
506635	5058615	-6505.413147	1899.521484	2700
506635	5078615	-3315.242188	3333.74292	2670
506635	5098615	909.832763	4589.080566	2670
506635	5118615	1109.68396	1956.954346	2670
506635	5138615	1486.010497	643.341003	2670
506635	5158615	1991.565307	5410.216797	2670
506635	5178615	1648.439086	9323.859375	2670
506635	5198615	1654.447143	11221.93164	2670
506635	5218615	927.401305	8386.223633	2670
506635	5238615	-1483.322877	3138.11084	2670
506635	5258615	-2494.259217	475.894531	2670
506635	5278615	-1052.875366	1135.22998	2670
506635	5298615	-47.478821	1350.029907	2670
506635	5318615	664.128783	1200.023193	2670
506635	5338615	671.174133	1152.097412	2670
506635	5358615	526.02417	1346.330078	2670
506635	5378615	249.962388	1245.043457	2670
506635	5398615	360.287293	843.105469	2670
506635	5418615	253.258865	939.993286	2670
506635	5438615	192.394089	1674.415771	2670
506635	5458615	208.730103	1825.775269	2670
506635	5478615	354.39914	1161.927979	2670
506635	5498615	388.283081	659.675232	2670
526635	4898615	-621.192627	3588.719727	2670
526635	4918615	-941.652466	6339.421387	2670
526635	4938615	-7839.054749	3190.563965	2670
526635	4958615	-6352.623536	6515.832031	2670
526635	4978615	-5719.35907	4569.521973	2700
526635	4998615	-3807.694343	4926.239258	2700
526635	5018615	-5041.845901	2868.51709	2700
526635	5038615	-5693.047111	2791.46875	2700
526635	5058615	-5583.093231	2595.300293	2700
526635	5078615	-2498.884095	3636.727783	2700
526635	5098615	806.294555	4388.76709	2670
526635	5118615	972.30194	2031.598633	2670
526635	5138615	1757.033691	614.47522	2670
526635	5158615	2015.740356	5197.843262	2670
526635	5178615	1188.112304	8724.551758	2670
526635	5198615	1280.349121	10922.375	2670
526635	5218615	1067.863891	9363.585938	2670
526635	5238615	1024.593627	6938.319824	2670
526635	5258615	-4042.444459	20.100098	2680
526635	5278615	-1277.066651	1369.726685	2670
526635	5298615	-381.767945	1361.994629	2670
526635	5318615	264.148987	1148.102173	2670
526635	5338615	572.167603	1146.848633	2670
526635	5358615	725.339782	1533.056885	2670
526635	5378615	397.77771	1550.760864	2670
526635	5398615	219.48082	900.121033	2670
526635	5418615	203.972748	738.807129	2670
526635	5438615	167.701233	1383.174561	2670
526635	5458615	35.480286	1790.059326	2670
526635	5478615	135.257859	1639.172974	2670
526635	5498615	175.519196	1315.398315	2670
546635	4898615	-886.226623	4178.853027	2670
546635	4918615	-5875.466492	20.100098	2700
546635	4938615	855.353332	5757.099121	2670
546635	4958615	-7191.03888	6082.147949	2670
546635	4978615	-6794.13288	4448.537109	2700
546635	4998615	-7629.890098	3314.293457	2700
546635	5018615	-7202.616202	2605.560547	2700
546635	5038615	-7108.281517	2393.527344	2700
546635	5058615	-5075.344635	3827.754395	2700
546635	5078615	-3043.022034	3895.092041	2700
546635	5098615	1427.096801	5152.081055	2670
546635	5118615	1210.878051	1273.76355	2670
546635	5138615	2061.730713	770.609619	2670
546635	5158615	1992.976806	5459.237793	2670
546635	5178615	1717.133911	10197.21191	2670
546635	5198615	1251.21643	12050.89063	2670
546635	5218615	1284.532836	10286.90234	2670
546635	5238615	556.840331	7508.725098	2670
546635	5258615	-1212.166626	3574.546875	2670
546635	5278615	-3154.944367	126.760498	2670
546635	5298615	-591.3396	1544.737915	2670
546635	5318615	-292.552979	993.183777	2670
546635	5338615	149.982635	894.075256	2670
546635	5358615	703.308777	1371.003418	2670
546635	5378615	558.651672	1449.871704	2670
546635	5398615	229.291138	953.876465	2670
546635	5418615	343.133362	712.757324	2670
546635	5438615	357.144776	957.804443	2670
546635	5458615	230.966904	1141.16687	2670
546635	5478615	266.248047	1299.67041	2670
546635	5498615	272.175324	1359.857178	2670
566635	4898615	-202.949921	2769.907959	2670
566635	4918615	-96.04773	3698.142822	2670
566635	4938615	-1261.915955	7436.566406	2670
566635	4958615	-8441.841614	5482.123047	2670
566635	4978615	-8079.729384	3850.001465	2700
566635	4998615	-8441.842102	3406.133789	2700
566635	5018615	-7263.389198	3342.32959	2700
566635	5038615	-6505.131386	4011.037598	2700
566635	5058615	-4167.655243	5615.804688	2700
566635	5078615	-2921.658631	4320.067383	2700
566635	5098615	1842.502563	6003.353516	2670
566635	5118615	1325.823119	1388.965088	2670
566635	5138615	2456.216796	1445.255127	2670
566635	5158615	2319.232421	6524.139648	2670
566635	5178615	2174.147949	11948.06152	2670
566635	5198615	1899.907958	14914.36133	2670
566635	5218615	1232.447997	11303.49609	2670
566635	5238615	1064.357177	8989.799805	2670
566635	5258615	354.051544	6115.902832	2670
566635	5278615	-4281.22467	20.100098	2700
566635	5298615	-926.509339	1631.088501	2670
566635	5318615	-822.711427	849.457214	2670
566635	5338615	-58.597168	1007.696472	2670
566635	5358615	471.298218	1164.693481	2670
566635	5378615	535.702637	1154.714355	2670
566635	5398615	463.492278	1076.961426	2670
566635	5418615	396.000702	703.453979	2670
566635	5438615	344.825776	615.93042	2670
566635	5458615	371.270996	736.011353	2670
566635	5478615	329.327423	938.143494	2670
566635	5498615	218.890899	1072.346069	2670
586635	4898615	-2372.057831	3394.483887	2670
586635	4918615	-4456.473267	8187.333984	2670
586635	4938615	-7303.932129	7233.265625	2670
586635	4958615	-6473.817779	6850.445313	2670
586635	4978615	-8097.311873	3899.541992	2670
586635	4998615	-8300.467226	3246.523438	2700
586635	5018615	-7193.142791	3345.960938	2700
586635	5038615	-6146.995346	3775.786133	2700
586635	5058615	-3326.381104	3045.366211	2700
586635	5078615	-2275.713258	1802.591064	2700
586635	5098615	1792.122436	6291.998047	2670
586635	5118615	1241.1156	3527.141357	2670
586635	5138615	2104.026611	3011.736816	2670
586635	5158615	2256.060058	6721.320313	2670
586635	5178615	2263.086669	11936.5752	2670
586635	5198615	2310.327149	17663.07422	2670
586635	5218615	2023.287353	13772.66504	2670
586635	5238615	1615.222045	10761.89453	2670
586635	5258615	1126.511963	7912.621094	2670
586635	5278615	248.126708	4420.126465	2670
586635	5298615	-2842.071229	148.111328	2670
586635	5318615	-1029.450867	994.020508	2670
586635	5338615	-400.456848	986.967163	2670
586635	5358615	169.89032	1043.85083	2670
586635	5378615	426.089173	1030.868042	2670
586635	5398615	522.201233	1034.359375	2670
586635	5418615	428.879547	718.347778	2670
586635	5438615	393.13028	595.651001	2670
586635	5458615	382.790436	708.299316	2670
586635	5478615	347.15332	964.044922	2670
586635	5498615	211.225708	1052.592773	2670
606635	4898615	-5635.645997	8266.306641	2670
606635	4918615	-6440.132568	10004.44141	2670
606635	4938615	-6061.118011	7377.311035	2670
606635	4958615	-6722.070259	4834.381348	2670
606635	4978615	-8080.725138	2816.191406	2670
606635	4998615	-7085.803842	3250.424805	2700
606635	5018615	-4799.591567	4639.515137	2700
606635	5038615	-4064.008072	3729.479492	2700
606635	5058615	614.866576	2797.702393	2700
606635	5078615	1561.774902	1655.9729	2670
606635	5098615	1560.151855	5521.572266	2670
606635	5118615	1684.221923	5315.41748	2670
606635	5138615	1957.574828	5261.12207	2670
606635	5158615	2134.94873	6533.887695	2670
606635	5178615	2213.266845	8865.12793	2670
606635	5198615	2018.125855	15882.85254	2670
606635	5218615	1883.184081	16494.60352	2670
606635	5238615	1660.136108	12775.9707	2670
606635	5258615	1304.996826	9044.163086	2670
606635	5278615	677.542663	5749.632813	2670
606635	5298615	-3036.761842	424.077393	2670
606635	5318615	-1381.892762	974.841431	2670
606635	5338615	-597.362854	996.827881	2670
606635	5358615	-92.887298	960.102478	2670
606635	5378615	283.851074	984.261719	2670
606635	5398615	410.077453	890.247314	2670
606635	5418615	235.252182	509.734253	2670
606635	5438615	399.431183	600.221802	2670
606635	5458615	400.639648	696.728943	2670
606635	5478615	349.853882	894.416626	2670
606635	5498615	234.881866	965.327393	2670
626635	4898615	-5636.815064	10876.09082	2670
626635	4918615	-5663.421905	10060.25977	2670
626635	4938615	-6538.744537	6170.355469	2670
626635	4958615	-7472.152837	3019.550293	2700
626635	4978615	-7585.004312	2590.729492	2700
626635	4998615	-5070.107957	3910.812012	2700
626635	5018615	-2842.435615	4816.682617	2700
626635	5038615	-1872.542854	6069.333984	2700
626635	5058615	-912.506745	4478.265137	2700
626635	5078615	467.114624	2367.280762	2700
626635	5098615	1424.159912	6121.516113	2700
626635	5118615	2029.031127	6584.166016	2700
626635	5138615	2335.731934	6797.750977	2670
626635	5158615	2158.117432	6843.81543	2670
626635	5178615	2202.27832	4883.900391	2670
626635	5198615	2328.766845	11275.77539	2670
626635	5218615	1531.736938	18098.24414	2670
626635	5238615	1461.848999	14449.22266	2670
626635	5258615	1215.555053	9299.886719	2670
626635	5278615	611.335266	6062.924805	2670
626635	5298615	-1840.092224	1864.83313	2670
626635	5318615	-2513.556519	133.932129	2670
626635	5338615	-588.318237	1142.64917	2670
626635	5358615	-398.375579	817.622192	2670
626635	5378615	-9.198394	918.760986	2670
626635	5398615	368.058838	1005.526123	2670
626635	5418615	-245.984955	78.367676	2670
626635	5438615	437.90506	661.448853	2670
626635	5458615	347.68274	594.349731	2670
626635	5478615	317.308014	723.684326	2670
626635	5498615	281.855225	900.277588	2670
646635	4898615	-5244.753845	11132.62695	2670
646635	4918615	-5652.039246	9824.849609	2670
646635	4938615	-6617.843642	5771.808105	2670
646635	4958615	-7380.369028	2518.399902	2700
646635	4978615	-5490.642744	4531.511719	2700
646635	4998615	-4052.79709	5035.75293	2700
646635	5018615	-820.075932	6517.240234	2700
646635	5038615	123.815346	7114.328125	2700
646635	5058615	-1615.448059	5807.738281	2700
646635	5078615	-3247.919496	3809.396973	2700
646635	5098615	781.981261	6711.743164	2700
646635	5118615	1451.717041	6953.711914	2670
646635	5138615	1473.962768	7489.986816	2670
646635	5158615	1657.717529	6702.186035	2670
646635	5178615	2172.630615	3997.773193	2670
646635	5198615	2615.192382	8987.944336	2670
646635	5218615	2043.808349	16937.9082	2670
646635	5238615	1352.708129	14210.05664	2670
646635	5258615	1267.784058	11066.90918	2670
646635	5278615	803.675537	6922.26709	2670
646635	5298615	-1258.707032	2653.384766	2670
646635	5318615	-3067.476014	20.100098	2670
646635	5338615	-780.382447	1262.554321	2680
646635	5358615	-400.77951	980.717163	2680
646635	5378615	-141.781219	974.871216	2680
646635	5398615	258.529632	1045.068359	2680
646635	5418615	501.100647	825.758423	2680
646635	5438615	420.721161	657.981262	2670
646635	5458615	314.811463	569.322144	2670
646635	5478615	267.237396	644.005859	2670
646635	5498615	222.15448	812.231018	2670
666635	4898615	-5462.734924	10515.68164	2670
666635	4918615	-5972.353363	8879.923828	2670
666635	4938615	-6998.668779	4717.921387	2670
666635	4958615	-7665.765642	2071.517578	2700
666635	4978615	-3772.228847	6401.597656	2700
666635	4998615	-3553.377801	6179.961914	2700
666635	5018615	-1443.852392	5450.940918	2700
666635	5038615	-166.745621	2839.466797	2700
666635	5058615	152.633178	4046.452881	2700
666635	5078615	-1736.982056	5258.079102	2700
666635	5098615	-3474.510499	2759.728516	2700
666635	5118615	592.328857	7074.034668	2670
666635	5138615	538.710693	7833.375977	2670
666635	5158615	882.021239	5919.197266	2670
666635	5178615	1404.667114	3621.355957	2670
666635	5198615	2131.280761	5139.769531	2670
666635	5218615	2244.190429	8567.039063	2670
666635	5238615	1203.965942	10329.50586	2670
666635	5258615	1082.432006	14524.11719	2670
666635	5278615	592.831176	8721.320313	2670
666635	5298615	-2342.308777	1957.25	2670
666635	5318615	-3268.805787	20.100098	2670
666635	5338615	-1149.607666	1239.367798	2680
666635	5358615	-461.893829	1080.093628	2680
666635	5378615	-298.40741	761.785522	2680
666635	5398615	223.145402	854.805603	2680
666635	5418615	420.349884	643.779663	2680
666635	5438615	405.295898	629.611511	2670
666635	5458615	303.626465	559.297913	2670
666635	5478615	305.222138	715.203308	2670
666635	5498615	323.776978	937.263916	2670
686635	4898615	-6481.562745	8869.607422	2670
686635	4918615	-6777.550857	7255.399902	2670
686635	4938615	-7247.165983	3416.646973	2670
686635	4958615	-6745.012861	3078.101563	2700
686635	4978615	-2284.87535	7740.697266	2700
686635	4998615	-2663.381403	5841.400391	2700
686635	5018615	-707.14042	3938.270508	2670
686635	5038615	87.488717	745.478516	2670
686635	5058615	-244.663971	646.481323	2670
686635	5078615	-1322.943726	3524.874023	2700
686635	5098615	-3510.611451	4088.952881	2700
686635	5118615	1686.130981	8327.845703	2700
686635	5138615	869.693237	7298.18457	2670
686635	5158615	1054.240234	5124.569824	2670
686635	5178615	1542.225342	3550.153809	2670
686635	5198615	1467.747314	1565.633301	2670
686635	5218615	1663.00537	373.11084	2670
686635	5238615	1141.34558	5620.260254	2670
686635	5258615	1338.794067	15535.20117	2670
686635	5278615	896.387084	10563.36816	2670
686635	5298615	-679.814697	4181.95459	2680
686635	5318615	-4085.615113	20.100098	2670
686635	5338615	-941.197174	1592.03833	2680
686635	5358615	-753.701081	909.85083	2680
686635	5378615	-393.706147	698.375366	2680
686635	5398615	99.472443	704.875122	2680
686635	5418615	406.880798	650.1427	2680
686635	5438615	382.38797	610.428162	2670
686635	5458615	420.318817	717.277527	2670
686635	5478615	479.926269	922.674133	2670
686635	5498615	394.485565	1078.190186	2670
706635	4898615	-7459.990905	7156.193359	2670
706635	4918615	-7379.896751	6329.012695	2670
706635	4938615	-7196.100559	3189.573242	2700
706635	4958615	-4143.334289	5723.81543	2700
706635	4978615	-1284.333532	8369.640625	2700
706635	4998615	-1144.51684	5951.935547	2670
706635	5018615	-169.816338	2658.079834	2670
706635	5038615	-22.831031	469.045074	2670
706635	5058615	-482.044673	679.646484	2670
706635	5078615	-1567.383972	4214.364746	2700
706635	5098615	-3360.493347	6254.174805	2700
706635	5118615	1651.834594	8292.667969	2700
706635	5138615	1560.74646	6082.686523	2670
706635	5158615	1859.34558	4431.193359	2670
706635	5178615	1334.133666	2660.541016	2670
706635	5198615	1610.292846	2181.486816	2670
706635	5218615	2111.399413	414.395996	2670
706635	5238615	1686.767333	4328.833008	2670
706635	5258615	1166.430176	13658.05957	2670
706635	5278615	997.975281	11305.83008	2670
706635	5298615	-36.969666	5482.168945	2680
706635	5318615	-4568.924317	20.100098	2670
706635	5338615	-1155.242584	1590.733398	2680
706635	5358615	-852.675018	979.524658	2680
706635	5378615	-437.325379	700.598572	2680
706635	5398615	114.139923	653.449036	2680
706635	5418615	330.014099	690.768005	2680
706635	5438615	410.479676	725.151611	2670
706635	5458615	439.299591	800.345337	2670
706635	5478615	390.396729	702.069153	2670
706635	5498615	364.400696	804.503845	2670
726635	4898615	-7878.183593	5434.071777	2670
726635	4918615	-7287.984897	6186.117188	2670
726635	4938615	-7222.105928	3788.384277	2700
726635	4958615	-3432.370009	6458.386719	2700
726635	4978615	-3096.99956	6775.44043	2670
726635	4998615	-1393.32989	6308.272949	2670
726635	5018615	-481.192108	3178.022217	2670
726635	5038615	-195.425592	1754.623169	2670
726635	5058615	-520.197194	2007.946777	2670
726635	5078615	-1889.529175	3948.281738	2670
726635	5098615	-3413.631226	6147.550781	2700
726635	5118615	-2946.482056	4268.66748	2700
726635	5138615	1541.529296	5291.754883	2700
726635	5158615	1882.777344	4291.135254	2670
726635	5178615	1634.347533	2839.595215	2670
726635	5198615	1649.257812	3195.554688	2670
726635	5218615	2047.530517	1152.386719	2670
726635	5238615	1606.742553	2457.466309	2670
726635	5258615	962.048949	11103.36523	2670
726635	5278615	864.786254	11631.69531	2670
726635	5298615	-37.272217	6007.144531	2680
726635	5318615	-4463.158508	20.100098	2670
726635	5338615	-1450.053284	1678.48584	2680
726635	5358615	-1063.652405	982.015869	2680
726635	5378615	-487.70047	425.689392	2680
726635	5398615	189.141297	471.925537	2680
726635	5418615	267.005737	721.278198	2680
726635	5438615	271.710693	617.693237	2670
726635	5458615	314.775025	421.441589	2670
726635	5478615	345.988434	323.542786	2670
726635	5498615	412.629608	368.84079	2670
746635	4898615	-8335.740752	3923.370117	2670
746635	4918615	-7337.866312	5728.100098	2670
746635	4938615	-7051.50202	4206.865234	2700
746635	4958615	-4506.73319	5502.716309	2700
746635	4978615	-4933.366352	5249.692871	2670
746635	4998615	-3076.967314	5784.44043	2670
746635	5018615	-1582.320063	4568.402344	2670
746635	5038615	-1979.960879	3055.725586	2670
746635	5058615	-2627.699838	2851.092285	2670
746635	5078615	-3492.281653	3651.807373	2670
746635	5098615	-3234.92157	5942.521973	2700
746635	5118615	-3017.101074	5352.369141	2700
746635	5138615	-2160.194581	3486.062012	2700
746635	5158615	1839.524413	4829.796387	2670
746635	5178615	1619.192016	2665.922363	2670
746635	5198615	1993.495361	5460.8125	2670
746635	5218615	2353.202881	6451.925781	2670
746635	5238615	1552.455077	877.389465	2670
746635	5258615	1125.87622	8689.130859	2670
746635	5278615	709.980224	12749.55176	2670
746635	5298615	-139.177979	6788.640625	2680
746635	5318615	-4258.1662	20.100098	2670
746635	5338615	-1890.308136	1612.311523	2680
746635	5358615	-1240.910767	803.847656	2680
746635	5378615	-431.911132	182.425995	2680
746635	5398615	140.600647	479.203613	2680
746635	5418615	-85.353332	422.409332	2670
746635	5438615	38.277161	276.620697	2670
746635	5458615	403.731049	183.867767	2670
746635	5478615	420.321229	222.27182	2670
746635	5498615	551.849181	465.329102	2670
766635	4898615	-8441.841898	3656.003906	2670
766635	4918615	-8139.058977	3944.72168	2670
766635	4938615	-6750.747633	4068.898438	2670
766635	4958615	-6131.180092	4408.207031	2670
766635	4978615	-5930.401995	4653.421875	2670
766635	4998615	-4951.630446	5036.286133	2670
766635	5018615	-3677.829809	4939.805176	2670
766635	5038615	-3526.16498	3560.764893	2670
766635	5058615	-2986.929104	4288.642578	2670
766635	5078615	-2297.751049	6007.804688	2670
766635	5098615	-3212.43753	5687.072266	2670
766635	5118615	-2966.476807	6048.375977	2700
766635	5138615	-2961.671754	4652.865234	2700
766635	5158615	-2522.84375	20.100098	2670
766635	5178615	889.511597	1657.924438	2670
766635	5198615	2036.823486	7981.146484	2670
766635	5218615	2125.607177	10709.76856	2670
766635	5238615	1586.899779	644.64386	2670
766635	5258615	1193.225463	6755.241211	2670
766635	5278615	925.264282	13571.44043	2670
766635	5298615	288.817749	7643.361328	2670
766635	5318615	-4081.867676	20.100098	2670
766635	5338615	-2342.373627	995.664307	2680
766635	5358615	-1115.253387	550.832764	2680
766635	5378615	-322.916015	462.939148	2680
766635	5398615	-207.060425	565.9599	2680
766635	5418615	-224.322449	382.729675	2670
766635	5438615	197.458526	174.614151	2670
766635	5458615	392.148071	196.15657	2670
766635	5478615	482.024444	241.354507	2670
766635	5498615	524.896362	567.822449	2670
786635	4898615	-8174.194414	3958.376465	2670
786635	4918615	-6625.006446	4777.057617	2670
786635	4938615	-6931.348404	4351.089355	2670
786635	4958615	-5121.134503	6469.733398	2670
786635	4978615	-5269.148441	6050.742676	2670
786635	4998615	-4537.389679	6549.757324	2670
786635	5018615	-3795.729648	6368.115234	2670
786635	5038615	-2979.135721	5192.431641	2670
786635	5058615	-2024.162569	5942.672363	2670
786635	5078615	-1192.701757	7446.687012	2670
786635	5098615	-2469.528928	6224.676758	2670
786635	5118615	-2854.995514	6278.819336	2670
786635	5138615	-2679.313355	5097.984375	2700
786635	5158615	-2281.179199	20.100098	2670
786635	5178615	1652.649902	2912.666992	2700
786635	5198615	1523.026855	5271.647461	2700
786635	5218615	1911.644042	5024.259277	2670
786635	5238615	1586.877563	289.620361	2670
786635	5258615	1118.440185	5438.297852	2670
786635	5278615	991.974853	12807.41602	2670
786635	5298615	702.698119	7788.946777	2670
786635	5318615	-1682.717835	2288.980469	2680
786635	5338615	-2684.074799	20.100098	2670
786635	5358615	-650.391723	846.823059	2680
786635	5378615	-719.501191	613.906006	2680
786635	5398615	-290.709838	796.134277	2670
786635	5418615	-440.630523	20.100006	2700
786635	5438615	610.544128	256.92926	2670
786635	5458615	517.177551	232.816193	2670
786635	5478615	447.142517	236.690735	2670
786635	5498615	352.474823	501.702271	2670
806635	4898615	-7899.525375	4719.338379	2670
806635	4918615	-6316.32819	5410.029785	2670
806635	4938615	-5328.966206	6678.949219	2670
806635	4958615	-4605.95512	8211.103516	2670
806635	4978615	-4743.051185	8090.341797	2670
806635	4998615	-3761.065712	8659.043945	2670
806635	5018615	-2654.400177	8763.710938	2670
806635	5038615	-2266.66736	7535.392578	2670
806635	5058615	-1657.411592	7047.80127	2670
806635	5078615	-908.139283	7253.044922	2670
806635	5098615	-1427.873115	6688.610352	2670
806635	5118615	-2698.539001	6357.21582	2670
806635	5138615	-2608.17218	4811.5	2700
806635	5158615	-261.103639	20.100006	2670
806635	5178615	1183.005004	2806.91748	2700
806635	5198615	1249.464477	2222.963379	2700
806635	5218615	1714.499512	20.099976	2700
806635	5238615	1344.740234	20.099976	2700
806635	5258615	1172.457153	5195.890625	2670
806635	5278615	984.912353	13238.08887	2670
806635	5298615	574.860412	8644.395508	2670
806635	5318615	491.023193	5384.302246	2680
806635	5338615	-2855.891327	20.100098	2670
806635	5358615	-1240.915863	552.897339	2680
806635	5378615	-874.353119	350.830627	2680
806635	5398615	-519.358856	159.16272	2670
806635	5418615	599.56073	400.361511	2670
806635	5438615	680.449706	209.173798	2670
806635	5458615	722.304382	245.699402	2670
806635	5478615	442.947815	225.229736	2670
806635	5498615	368.696899	428.793091	2670
826635	4898615	-6925.292572	6438.376953	2670
826635	4918615	-5564.021561	7403.541504	2670
826635	4938615	-5156.383777	8103.722168	2670
826635	4958615	-4687.339718	9605.941406	2670
826635	4978615	-4084.197045	10615.18359	2670
826635	4998615	-2880.469898	10698.98242	2670
826635	5018615	-1005.596504	10874.2666	2670
826635	5038615	-1237.532456	8891.844727	2670
826635	5058615	-904.564428	8138.225586	2670
826635	5078615	-536.243454	7335.003418	2670
826635	5098615	-888.652702	6942.935547	2670
826635	5118615	-802.193985	8381.458984	2670
826635	5138615	-102.905395	7805.379395	2700
826635	5158615	407.253784	1533.570679	2700
826635	5178615	1001.162536	2024.605103	2700
826635	5198615	1260.723999	2664.590332	2700
826635	5218615	1695.315186	2044.172852	2670
826635	5238615	1710.152831	3208.871826	2670
826635	5258615	1011.296447	7998.141602	2670
826635	5278615	993.554382	13208.77734	2670
826635	5298615	871.207702	10154.37012	2670
826635	5318615	247.594787	6737.009766	2680
826635	5338615	-2928.204774	422.142334	2680
826635	5358615	-1843.662414	20.099976	2670
826635	5378615	218.670776	546.133301	2680
826635	5398615	379.018982	360.466858	2670
826635	5418615	603.243102	184.971741	2670
826635	5438615	751.100463	162.094543	2670
826635	5458615	665.22235	197.078308	2670
826635	5478615	484.219696	259.64328	2670
826635	5498615	408.384613	355.679871	2670
846635	4898615	-5380.76989	8591.515625	2670
846635	4918615	-4298.731949	10538.30371	2670
846635	4938615	-4175.604522	11213.62305	2670
846635	4958615	-2485.569904	13465.11426	2670
846635	4978615	-1220.293682	14688.41602	2670
846635	4998615	-132.569305	14134.35742	2670
846635	5018615	-59.950229	11708.41895	2670
846635	5038615	-549.038338	8966.073242	2670
846635	5058615	-652.503633	8024.95166	2670
846635	5078615	-553.062189	6792.903809	2670
846635	5098615	-708.319336	6929.635254	2670
846635	5118615	-414.157898	8935.665039	2670
846635	5138615	-244.247437	8885.991211	2700
846635	5158615	-123.752564	3782.979004	2700
846635	5178615	1052.700439	2433.982666	2700
846635	5198615	1102.752196	4443.411621	2670
846635	5218615	1539.42395	7329.490234	2670
846635	5238615	1801.335326	10074.48828	2670
846635	5258615	1381.847411	12043.33984	2670
846635	5278615	1254.933105	11824.2207	2670
846635	5298615	825.944762	10072.47363	2670
846635	5318615	360.135223	7496.71875	2670
846635	5338615	-2117.904876	1208.541504	2680
846635	5358615	-1122.467163	20.099976	2670
846635	5378615	525.749511	255.398865	2670
846635	5398615	622.835571	317.766693	2670
846635	5418615	674.237975	122.75885	2670
846635	5438615	839.466858	264.94104	2670
846635	5458615	596.058044	261.063812	2670
846635	5478615	374.22818	216.756104	2670
846635	5498615	422.166107	338.249634	2670
866635	4898615	-3629.452774	11205.00195	2670
866635	4918615	-3361.046746	12608.53711	2670
866635	4938615	-2293.913292	14158.86914	2670
866635	4958615	-59.882496	16450.25	2670
866635	4978615	-253.572129	15975.30566	2670
866635	4998615	-19.194286	14703.18945	2670
866635	5018615	-246.986839	11460.38184	2670
866635	5038615	-333.874343	8966.685547	2670
866635	5058615	-263.444863	7902.730957	2670
866635	5078615	-332.023224	6560.125977	2670
866635	5098615	-132.712555	7219.098145	2670
866635	5118615	524.990905	9538.99707	2670
866635	5138615	1425.736328	10954.60645	2670
866635	5158615	1188.282226	6869.078125	2670
866635	5178615	816.815246	4274.85498	2670
866635	5198615	1294.507079	6102.209961	2670
866635	5218615	1633.940673	8749.480469	2670
866635	5238615	1491.646362	10846.83398	2670
866635	5258615	1446.350341	12081.125	2670
866635	5278615	1140.13037	11453.35938	2670
866635	5298615	900.582092	10006.33398	2670
866635	5318615	350.700134	6460.980957	2670
866635	5338615	-1629.556335	532.294556	2680
866635	5358615	-181.114288	20.100006	2670
866635	5378615	477.421997	213.942413	2670
866635	5398615	507.093811	138.687378	2670
866635	5418615	762.382568	182.694702	2670
866635	5438615	719.597167	289.288666	2670
866635	5458615	421.088776	252.956223	2670
866635	5478615	381.563172	237.914154	2670
866635	5498615	424.9693	335.913818	2670
886635	4898615	-122.913895	15349.04492	2670
886635	4918615	-160.125245	15548.84668	2670
886635	4938615	-64.914947	15674.51074	2670
886635	4958615	-576.023124	15491.375	2670
886635	4978615	-158.176	15757.74609	2670
886635	4998615	-109.14743	14616.84082	2670
886635	5018615	-91.236419	10443.12402	2670
886635	5038615	-5.386597	7902.219727	2670
886635	5058615	155.512146	7871.780762	2670
886635	5078615	504.191894	7616.322754	2670
886635	5098615	754.662048	7696.347168	2670
886635	5118615	702.206359	8565.071289	2670
886635	5138615	940.177856	9081.807617	2670
886635	5158615	950.567077	6974.129395	2670
886635	5178615	565.695801	5465.52832	2670
886635	5198615	1081.600341	6693.239746	2670
886635	5218615	1395.860717	8393.751953	2670
886635	5238615	1375.723632	9823.428711	2670
886635	5258615	1541.087036	10787.32617	2670
886635	5278615	1063.670653	10119.92773	2670
886635	5298615	615.260497	7721.185059	2670
886635	5318615	-721.653625	2845.033203	2670
886635	5338615	-2178.761657	20.100098	2670
886635	5358615	273.557831	381.094421	2680
886635	5378615	573.855163	326.781219	2670
886635	5398615	600.295409	195.045868	2670
886635	5418615	633.003234	213.294098	2670
886635	5438615	469.407196	242.804779	2670
886635	5458615	341.266571	222.620026	2670
886635	5478615	404.999695	247.312592	2670
886635	5498615	423.320587	310.562378	2670
906635	4898615	-88.726333	15178.86328	2670
906635	4918615	-78.672996	14678.47461	2670
906635	4938615	-72.855735	14685.79785	2670
906635	4958615	-52.23949	14931.10254	2670
906635	4978615	-59.687412	14858.9668	2670
906635	4998615	42.12677	14308.85645	2670
906635	5018615	204.570328	9764.888672	2670
906635	5038615	704.882751	6877.613281	2670
906635	5058615	500.731995	7045.89209	2670
906635	5078615	676.085204	7151.001465	2670
906635	5098615	536.512389	6549.450195	2670
906635	5118615	404.430297	6808.249512	2670
906635	5138615	513.655883	6425.902832	2670
906635	5158615	793.028747	6481.750977	2670
906635	5178615	469.145447	6131.572266	2670
906635	5198615	680.000243	6603.783203	2670
906635	5218615	900.431945	7537.789063	2670
906635	5238615	1117.788573	8447.697266	2670
906635	5258615	1392.940917	8904.25293	2670
906635	5278615	1059.932616	7752.556152	2670
906635	5298615	-689.17273	3630.766357	2670
906635	5318615	-3987.329468	20.100098	2680
906635	5338615	123.974213	884.484985	2680
906635	5358615	246.532944	283.246765	2680
906635	5378615	415.469024	177.705826	2670
906635	5398615	595.341918	229.875702	2670
906635	5418615	537.626037	275.059113	2670
906635	5438615	338.096039	248.30722	2670
906635	5458615	391.623902	275.08606	2670
906635	5478615	401.818604	240.975906	2670
906635	5498615	464.998687	328.850159	2670
926635	4898615	-174.949448	13429.15137	2670
926635	4918615	-163.322968	13326.65723	2670
926635	4938615	-124.728745	13301.52539	2670
926635	4958615	-59.271748	13502.88379	2670
926635	4978615	-3.816276	14551.74512	2670
926635	4998615	-10.448947	14741.16992	2670
926635	5018615	-63.62598	11436.55273	2670
926635	5038615	108.719193	7264.234375	2670
926635	5058615	625.841675	6160.443359	2670
926635	5078615	776.297179	5774.318848	2670
926635	5098615	516.763794	5239.499512	2670
926635	5118615	184.588211	5875.932129	2670
926635	5138615	583.651428	6412.048828	2670
926635	5158615	1141.183715	7630.46875	2670
926635	5178615	439.309754	6899.753418	2670
926635	5198615	753.579529	7195.733398	2670
926635	5218615	1239.43457	7806.572266	2670
926635	5238615	1017.70111	7642.065918	2670
926635	5258615	1238.355224	7575.495117	2670
926635	5278615	851.080932	6195.015625	2670
926635	5298615	-2103.064575	967.641846	2670
926635	5318615	-790.232484	20.100037	2700
926635	5338615	345.655731	362.10318	2680
926635	5358615	297.497619	177.192352	2680
926635	5378615	444.16458	20.100006	2700
926635	5398615	721.794067	197.699158	2670
926635	5418615	547.562804	216.178497	2670
926635	5438615	376.95282	224.517929	2670
926635	5458615	407.700165	244.249512	2670
926635	5478615	428.527832	247.723312	2670
926635	5498615	431.975921	296.118408	2670
