# These data are freely available under the Creative Commons Attribution 4.0 International Licence (CC BY 4.0)					
# when using the data please cite as: 					
# Spooner, Cameron; Scheck-Wenderoth, Magdalena; Götze, Hans-Jürgen; Ebbing, Jörg; Hetényi, György (2019): 3D Gravity Constrained Model of Density Distribution Across the Alpine Lithosphere. GFZ Data Services. http://doi.org/10.5880/GFZ.4.5.2019.004
X COORD (UTM Zone 32N)	Y COORD (UTM Zone 32N)	TOP (m.a.s.l)	THICKNESS (m)	DENSITY (Kg/m3)
286635	4898615	1182.101074	10.099976	2450
286635	4918615	1335.985473	10.099976	2450
286635	4938615	1282.867553	10.099976	2450
286635	4958615	2308.074218	551.258789	2450
286635	4978615	2693.190673	195.599854	2450
286635	4998615	2275.79956	28.190918	2450
286635	5018615	1373.996582	10.099976	2450
286635	5038615	1085.407226	10.099976	2450
286635	5058615	852.509521	10.100037	2450
286635	5078615	1005.804565	59.974854	2450
286635	5098615	997.822509	10.100037	2450
286635	5118615	441.934174	10.100006	2450
286635	5138615	426.728485	10.100006	2450
286635	5158615	1250.718628	437.015564	2450
286635	5178615	1071.588378	10.099976	2450
286635	5198615	820.107055	10.100037	2450
286635	5218615	551.997009	23.373779	2450
286635	5238615	393.935211	76.42099	2450
286635	5258615	273.956268	28.435745	2450
286635	5278615	286.493591	10.100006	2450
286635	5298615	243.58194	43.037674	2450
286635	5318615	312.426788	64.288528	2450
286635	5338615	336.290985	42.383636	2450
286635	5358615	306.172211	32.706085	2450
286635	5378615	280.423096	44.03569	2450
286635	5398615	280.195862	87.048141	2450
286635	5418615	224.872147	66.657867	2450
286635	5438615	227.304413	78.521088	2450
286635	5458615	226.907379	120.964371	2450
286635	5478615	301.559326	214.672943	2450
286635	5498615	305.181305	89.667297	2450
306635	4898615	1866.143798	146.605469	2450
306635	4918615	1804.528808	10.099976	2450
306635	4938615	1704.167602	10.099976	2450
306635	4958615	1732.851318	10.099976	2450
306635	4978615	1988.138305	10.099976	2450
306635	4998615	2274.384521	174.266846	2450
306635	5018615	2319.016357	339.705078	2450
306635	5038615	1379.811279	10.099976	2450
306635	5058615	1588.279174	206.141235	2450
306635	5078615	1396.196777	105.760986	2450
306635	5098615	1332.853149	10.177612	2450
306635	5118615	1136.418823	156.346619	2450
306635	5138615	472.735534	10.100006	2450
306635	5158615	466.402832	10.100006	2450
306635	5178615	795.155029	10.100037	2450
306635	5198615	1065.016601	111.52301	2450
306635	5218615	822.806152	38.892578	2450
306635	5238615	570.452392	97.987823	2450
306635	5258615	351.266052	86.919434	2450
306635	5278615	296.384125	87.538589	2450
306635	5298615	312.593781	53.642792	2450
306635	5318615	482.664703	120.108276	2450
306635	5338615	372.474671	46.795319	2450
306635	5358615	316.125946	72.993668	2450
306635	5378615	257.147308	78.304337	2450
306635	5398615	240.063812	81.921066	2450
306635	5418615	240.193787	73.177826	2450
306635	5438615	234.025848	51.855789	2450
306635	5458615	229.320648	74.276031	2450
306635	5478615	214.237167	86.434845	2450
306635	5498615	245.675293	25.021347	2450
326635	4898615	2121.781494	332.125854	2450
326635	4918615	2195.211181	40.193848	2450
326635	4938615	2424.826172	237.296387	2450
326635	4958615	2164.771484	101.839844	2450
326635	4978615	1966.698608	13.462646	2450
326635	4998615	2232.138916	253.02356	2450
326635	5018615	2292.687256	10.099854	2450
326635	5038615	2229.525634	10.099854	2450
326635	5058615	1849.533813	10.099976	2450
326635	5078615	2185.118164	321.28125	2450
326635	5098615	1616.014404	10.099976	2450
326635	5118615	1580.422119	144.75	2450
326635	5138615	1034.970459	10.099976	2450
326635	5158615	677.150756	10.100037	2450
326635	5178615	571.577209	16.764282	2450
326635	5198615	899.925354	256.622192	2450
326635	5218615	989.433899	134.623657	2450
326635	5238615	645.699829	44.374023	2450
326635	5258615	375.456116	83.585663	2450
326635	5278615	390.243866	118.005432	2450
326635	5298615	630.345459	133.236145	2450
326635	5318615	596.737121	10.100037	2450
326635	5338615	462.090485	118.912903	2450
326635	5358615	314.95108	109.316162	2450
326635	5378615	258.910248	48.311798	2450
326635	5398615	225.83165	54.026749	2450
326635	5418615	248.112824	76.489517	2450
326635	5438615	277.766144	73.840652	2450
326635	5458615	246.946503	16.221329	2450
326635	5478615	287.309235	74.003296	2450
326635	5498615	328.711365	67.809692	2450
346635	4898615	1956.239746	165.049805	2450
346635	4918615	2010.860107	10.099976	2450
346635	4938615	2104.365478	31.482422	2450
346635	4958615	2191.100341	240.045044	2450
346635	4978615	1839.952636	42.382568	2450
346635	4998615	1562.708374	10.099976	2450
346635	5018615	2707.311279	468.066406	2450
346635	5038615	2675.578613	47.796143	2450
346635	5058615	2216.900634	10.099854	2450
346635	5078615	2448.471679	32.782227	2450
346635	5098615	2091.11084	10.099854	2450
346635	5118615	1311.182373	10.099976	2450
346635	5138615	1199.677612	130.908203	2450
346635	5158615	1039.251464	63.111572	2450
346635	5178615	685.299987	10.100037	2450
346635	5198615	386.133423	59.992065	2450
346635	5218615	1013.171753	287.692932	2450
346635	5238615	840.759582	69.320557	2450
346635	5258615	457.274323	187.233246	2450
346635	5278615	347.577423	232.584915	2450
346635	5298615	746.393676	129.668396	2450
346635	5318615	957.011352	192.434265	2450
346635	5338615	603.780395	48.413147	2450
346635	5358615	430.217255	176.190903	2450
346635	5378615	345.015564	99.435226	2450
346635	5398615	259.228211	58.263138	2450
346635	5418615	223.582992	62.556091	2450
346635	5438615	250.865936	54.941986	2450
346635	5458615	238.254303	57.99147	2450
346635	5478615	270.14563	84.221436	2450
346635	5498615	490.908905	121.776337	2450
366635	4898615	1697.644165	125.908447	2450
366635	4918615	1058.638671	10.099976	2450
366635	4938615	986.462585	188.226807	2450
366635	4958615	476.241913	10.100006	2450
366635	4978615	642.541015	89.130005	2450
366635	4998615	937.137756	10.100037	2450
366635	5018615	1740.544555	204.164429	2450
366635	5038615	2393.322265	213.326172	2450
366635	5058615	1840.950805	10.099976	2450
366635	5078615	2057.739013	10.099854	2450
366635	5098615	2307.103271	469.828613	2450
366635	5118615	1251.400024	10.099976	2450
366635	5138615	1868.708007	10.099976	2450
366635	5158615	1540.940429	82.789673	2450
366635	5178615	968.839172	24.598022	2450
366635	5198615	547.678344	434.720093	2450
366635	5218615	545.180297	1253.209961	2450
366635	5238615	858.327514	10.100037	2450
366635	5258615	529.183899	311.868469	2450
366635	5278615	304.401276	1301.738647	2450
366635	5298615	292.650147	1544.848755	2450
366635	5318615	499.223175	41.279388	2450
366635	5338615	642.052246	183.85611	2450
366635	5358615	616.654785	46.426514	2450
366635	5378615	596.251587	140.046387	2450
366635	5398615	318.558777	84.001114	2450
366635	5418615	281.739075	58.938507	2450
366635	5438615	285.325317	79.095886	2450
366635	5458615	279.133606	45.900818	2450
366635	5478615	338.97345	70.128845	2450
366635	5498615	456.73053	73.479828	2450
386635	4898615	1386.034545	362.882751	2450
386635	4918615	431.667664	10.100006	2450
386635	4938615	372.683777	189.81369	2450
386635	4958615	236.021271	140.127258	2450
386635	4978615	234.815521	334.866882	2450
386635	4998615	333.570313	144.009659	2450
386635	5018615	550.603332	212.927734	2450
386635	5038615	1792.820922	830.583313	2450
386635	5058615	1974.312744	22.325073	2450
386635	5078615	2100.009033	10.099854	2450
386635	5098615	2996.413818	743.448486	2450
386635	5118615	1616.614746	10.099976	2450
386635	5138615	2184.684814	437.994751	2450
386635	5158615	1530.962768	99.166138	2450
386635	5178615	912.530639	10.100037	2450
386635	5198615	625.412353	484.995056	2450
386635	5218615	463.957001	2325.002686	2450
386635	5238615	835.063842	102.955444	2450
386635	5258615	433.916992	158.119751	2450
386635	5278615	257.136536	593.222412	2450
386635	5298615	190.803604	964.74646	2450
386635	5318615	164.635925	2542.894775	2450
386635	5338615	141.18808	897.69812	2450
386635	5358615	227.840454	651.102966	2450
386635	5378615	230.81311	10.099991	2450
386635	5398615	214.745468	124.001961	2450
386635	5418615	258.901123	105.222885	2450
386635	5438615	321.655335	79.77095	2450
386635	5458615	299.721771	129.678528	2450
386635	5478615	276.547943	63.693604	2450
386635	5498615	361.279175	17.558075	2450
406635	4898615	1469.479614	408.096191	2450
406635	4918615	377.080841	10.100006	2450
406635	4938615	290.250366	10.100006	2450
406635	4958615	303.247131	367.09549	2450
406635	4978615	260.430695	3645.710938	2450
406635	4998615	287.617096	492.934937	2450
406635	5018615	233.613953	667.37854	2450
406635	5038615	693.797241	444.893188	2450
406635	5058615	1470.897583	10.099976	2450
406635	5078615	2721.230468	450.197754	2450
406635	5098615	2953.77417	382.703125	2450
406635	5118615	1921.756225	10.099976	2450
406635	5138615	2383.081543	451.026245	2450
406635	5158615	1694.931152	73.293213	2450
406635	5178615	1140.229126	88.425903	2450
406635	5198615	867.325439	932.414673	2450
406635	5218615	668.298217	3532.700684	2450
406635	5238615	541.872131	57.138824	2450
406635	5258615	460.030792	10.100006	2450
406635	5278615	437.955719	373.461426	2450
406635	5298615	644.277099	30.470337	2450
406635	5318615	194.080216	846.31488	2450
406635	5338615	182.047409	207.389603	2450
406635	5358615	135.694031	1492.021973	2450
406635	5378615	129.413345	1835.12146	2450
406635	5398615	147.546326	2700.393311	2450
406635	5418615	204.359451	10.099991	2450
406635	5438615	312.574646	148.312592	2450
406635	5458615	380.011475	125.606522	2450
406635	5478615	291.593506	15.08902	2450
406635	5498615	314.175354	106.202194	2450
426635	4898615	923.816833	91.27063	2450
426635	4918615	560.623535	22.552917	2450
426635	4938615	500.846832	115.560577	2450
426635	4958615	185.679733	930.929749	2450
426635	4978615	199.861282	1564.435059	2450
426635	4998615	251.440094	5724.744629	2450
426635	5018615	206.517914	7307.28125	2450
426635	5038615	302.704163	4313.710938	2450
426635	5058615	1259.078247	10.099976	2450
426635	5078615	1447.941284	10.099976	2450
426635	5098615	2174.220215	205.078247	2450
426635	5118615	2124.290527	162.463501	2450
426635	5138615	2052.434814	10.099854	2450
426635	5158615	2697.832763	475.398193	2450
426635	5178615	1247.727539	10.099976	2450
426635	5198615	1209.065795	1037.530884	2450
426635	5218615	625.424255	3837.689209	2450
426635	5238615	524.717773	443.898468	2450
426635	5258615	503.471283	10.100006	2450
426635	5278615	742.143737	221.123047	2450
426635	5298615	1063.203979	54.143982	2450
426635	5318615	658.091003	10.100037	2450
426635	5338615	475.212951	10.100006	2450
426635	5358615	311.212433	10.100006	2450
426635	5378615	160.766693	442.661499	2450
426635	5398615	101.582421	1698.653931	2450
426635	5418615	137.49321	1247.643188	2450
426635	5438615	212.487351	773.601624	2450
426635	5458615	380.958466	113.953491	2450
426635	5478615	350.106842	137.499191	2450
426635	5498615	294.142243	216.716415	2450
446635	4898615	403.961365	251.078003	2450
446635	4918615	489.860077	63.063629	2450
446635	4938615	359.943878	46.295563	2450
446635	4958615	182.446701	1175.881592	2450
446635	4978615	169.772369	637.379272	2450
446635	4998615	173.055634	5609.76709	2450
446635	5018615	128.764389	5657.057129	2450
446635	5038615	174.420197	5538.270508	2450
446635	5058615	419.296387	10.100006	2450
446635	5078615	958.782775	256.036987	2450
446635	5098615	828.388855	38.999695	2450
446635	5118615	1301.059326	38.183105	2450
446635	5138615	2367.078857	238.054199	2450
446635	5158615	2316.552002	10.099854	2450
446635	5178615	1637.322876	10.099976	2450
446635	5198615	866.276855	10.100037	2450
446635	5218615	496.63443	3680.300049	2450
446635	5238615	539.114318	1774.943359	2450
446635	5258615	442.441406	102.268188	2450
446635	5278615	493.153961	10.100006	2450
446635	5298615	872.009887	126.275879	2450
446635	5318615	971.196594	165.073059	2450
446635	5338615	735.813049	74.571472	2450
446635	5358615	645.298156	194.125671	2450
446635	5378615	777.849365	118.047913	2450
446635	5398615	350.506683	207.196945	2450
446635	5418615	105.786873	3036.168701	2450
446635	5438615	97.366989	3107.85083	2450
446635	5458615	102.344292	2396.715576	2450
446635	5478615	119.704476	1520.093384	2450
446635	5498615	131.903351	746.508057	2450
466635	4898615	-627.349976	10.100037	2450
466635	4918615	524.991638	413.257996	2450
466635	4938615	380.916412	593.421631	2450
466635	4958615	125.538826	2552.452393	2450
466635	4978615	107.181771	2246.969482	2450
466635	4998615	89.429802	7238.380859	2470
466635	5018615	109.863747	6733.307129	2470
466635	5038615	163.478012	3920.748779	2450
466635	5058615	277.823578	10.100006	2450
466635	5078615	281.500122	387.296295	2450
466635	5098615	1042.140625	612.885864	2450
466635	5118615	1486.739257	227.835449	2450
466635	5138615	1708.535034	10.099976	2450
466635	5158615	2164.324463	47.880127	2450
466635	5178615	1895.096679	58.430908	2450
466635	5198615	947.382202	10.100037	2450
466635	5218615	756.334167	1922.11084	2450
466635	5238615	515.77124	3513.725342	2450
466635	5258615	465.384369	435.647766	2450
466635	5278615	468.740418	40.906494	2450
466635	5298615	719.16455	288.678467	2450
466635	5318615	707.618652	102.112488	2450
466635	5338615	636.553222	14.97467	2450
466635	5358615	584.80249	50.14917	2450
466635	5378615	630.014038	10.100037	2450
466635	5398615	706.67926	10.100037	2450
466635	5418615	257.809509	10.099991	2450
466635	5438615	133.37265	1920.109009	2450
466635	5458615	93.418465	3250.787598	2450
466635	5478615	82.178879	2881.297852	2450
466635	5498615	74.339203	3638.19751	2450
486635	4898615	-992.751587	111.615967	2450
486635	4918615	33.190232	325.06781	2450
486635	4938615	560.680236	537.669922	2450
486635	4958615	176.573578	701.760254	2450
486635	4978615	72.434128	6838.616699	2470
486635	4998615	81.61155	6839.620117	2470
486635	5018615	93.144631	6880.276367	2470
486635	5038615	138.926911	7489.560547	2470
486635	5058615	264.713623	8048.112305	2450
486635	5078615	446.931458	3251.239014	2450
486635	5098615	625.493469	10.100037	2450
486635	5118615	955.198913	10.100037	2450
486635	5138615	1588.584716	181.963623	2450
486635	5158615	2141.200439	351.403564	2450
486635	5178615	2090.347412	168.206177	2450
486635	5198615	1754.854736	136.78833	2450
486635	5218615	973.687622	304.600952	2450
486635	5238615	589.188354	4994.63916	2450
486635	5258615	574.437072	1157.911743	2450
486635	5278615	459.549896	814.824463	2450
486635	5298615	546.843933	248.665314	2450
486635	5318615	796.734863	10.100037	2450
486635	5338615	771.619628	143.979553	2450
486635	5358615	457.747711	65.216034	2450
486635	5378615	469.963684	119.660004	2450
486635	5398615	489.283905	242.637619	2450
486635	5418615	328.002594	187.360931	2450
486635	5438615	230.742127	10.099991	2450
486635	5458615	185.631485	10.099991	2450
486635	5478615	317.756775	71.330582	2450
486635	5498615	380.639282	10.100006	2450
506635	4898615	-793.260681	150.488159	2450
506635	4918615	370.48587	835.63269	2450
506635	4938615	873.240905	4176.161621	2450
506635	4958615	573.77124	5272.827148	2450
506635	4978615	198.004578	7605.962891	2470
506635	4998615	49.672402	5901.332031	2470
506635	5018615	85.988511	5864.191406	2470
506635	5038615	131.069244	6316.208496	2470
506635	5058615	246.780701	6752.193848	2470
506635	5078615	549.862304	3865.104492	2450
506635	5098615	919.9328	10.100037	2450
506635	5118615	1172.467773	62.783813	2450
506635	5138615	1933.76892	447.758423	2450
506635	5158615	2259.861816	268.296509	2450
506635	5178615	1658.539062	10.099976	2450
506635	5198615	1664.547119	10.099976	2450
506635	5218615	1042.593261	115.191956	2450
506635	5238615	844.499389	2327.822266	2450
506635	5258615	556.379943	3050.63916	2450
506635	5278615	462.560791	1515.436157	2450
506635	5298615	551.97467	599.453491	2450
506635	5318615	674.22882	10.100037	2450
506635	5338615	821.171936	149.997803	2450
506635	5358615	648.536926	122.512756	2450
506635	5378615	385.433228	135.47084	2450
506635	5398615	424.61792	64.330627	2450
506635	5418615	263.358856	10.099991	2450
506635	5438615	204.207642	11.813553	2450
506635	5458615	218.830094	10.099991	2450
506635	5478615	398.327698	43.928558	2450
506635	5498615	398.383087	10.100006	2450
526635	4898615	-381.317688	239.874939	2450
526635	4918615	561.192016	1502.844482	2450
526635	4938615	937.834899	8776.889648	2450
526635	4958615	734.547851	7087.171387	2450
526635	4978615	313.494934	6032.854004	2470
526635	4998615	42.008538	3849.702881	2470
526635	5018615	75.299119	5117.14502	2470
526635	5038615	113.634041	5806.681152	2470
526635	5058615	249.499542	5832.592773	2470
526635	5078615	592.169128	3091.053223	2470
526635	5098615	816.394592	10.100037	2450
526635	5118615	982.401977	10.100037	2450
526635	5138615	1894.314209	137.280518	2450
526635	5158615	2025.840454	10.100098	2450
526635	5178615	1198.21228	10.099976	2450
526635	5198615	2052.473144	772.124023	2450
526635	5218615	1134.842529	66.978638	2450
526635	5238615	1260.569091	235.975464	2450
526635	5258615	548.457885	4590.902344	2450
526635	5278615	392.734863	1669.801514	2450
526635	5298615	647.66748	1029.435425	2450
526635	5318615	587.95166	323.802673	2450
526635	5338615	675.385376	103.217773	2450
526635	5358615	750.357055	25.017273	2450
526635	5378615	453.787903	56.010193	2450
526635	5398615	323.972077	104.491257	2450
526635	5418615	284.790375	80.817627	2450
526635	5438615	327.726929	160.025696	2450
526635	5458615	228.029602	192.549316	2450
526635	5478615	336.164429	200.90657	2450
526635	5498615	360.826416	185.30722	2450
546635	4898615	360.439148	1246.665771	2450
546635	4918615	830.701965	6706.168457	2450
546635	4938615	1021.579223	166.225891	2450
546635	4958615	645.070007	7836.108887	2450
546635	4978615	119.643975	6913.776855	2470
546635	4998615	39.788613	7669.678711	2470
546635	5018615	60.0962	7262.712402	2470
546635	5038615	104.068581	7212.350098	2470
546635	5058615	244.1539	5319.498535	2470
546635	5078615	882.754333	3925.776367	2470
546635	5098615	1437.196777	10.099976	2450
546635	5118615	1503.056274	292.178223	2450
546635	5138615	2197.243164	135.512451	2450
546635	5158615	2003.076782	10.099976	2450
546635	5178615	1960.48999	243.356079	2450
546635	5198615	1261.316406	10.099976	2450
546635	5218615	1435.824096	151.29126	2450
546635	5238615	566.940368	10.100037	2450
546635	5258615	445.062744	1657.22937	2450
546635	5278615	483.563934	3638.508301	2450
546635	5298615	532.866943	1124.206543	2450
546635	5318615	597.102417	889.655396	2450
546635	5338615	540.296386	390.313751	2450
546635	5358615	714.855774	11.546997	2450
546635	5378615	703.49591	144.844238	2450
546635	5398615	346.454895	117.163757	2450
546635	5418615	468.381897	125.248535	2450
546635	5438615	415.333466	58.18869	2450
546635	5458615	323.39267	92.425766	2450
546635	5478615	334.170593	67.922546	2450
546635	5498615	282.27533	10.100006	2450
566635	4898615	368.738678	571.688599	2450
566635	4918615	699.920654	795.968384	2450
566635	4938615	659.88385	1921.799805	2450
566635	4958615	466.511902	8908.353516	2450
566635	4978615	49.347764	8129.077148	2470
566635	4998615	34.103211	8475.945313	2470
566635	5018615	56.345177	7319.734375	2470
566635	5038615	103.665001	6608.796387	2470
566635	5058615	305.770538	4473.425781	2470
566635	5078615	906.175598	3827.834229	2470
566635	5098615	1852.602539	10.099976	2450
566635	5118615	1335.923095	10.099976	2450
566635	5138615	2760.803222	304.586426	2450
566635	5158615	2329.332275	10.099854	2450
566635	5178615	2238.72998	64.582031	2450
566635	5198615	1910.007934	10.099976	2450
566635	5218615	1242.547973	10.099976	2450
566635	5238615	1423.875732	359.518555	2450
566635	5258615	707.216186	353.164642	2450
566635	5278615	636.953064	4918.177734	2450
566635	5298615	676.465637	1602.974976	2450
566635	5318615	639.390136	1462.101563	2450
566635	5338615	521.421814	580.018982	2450
566635	5358615	531.151489	59.853271	2450
566635	5378615	629.611267	93.90863	2450
566635	5398615	596.943786	133.451508	2450
566635	5418615	438.650482	42.64978	2450
566635	5438615	415.870545	71.044769	2450
566635	5458615	432.130676	60.85968	2450
566635	5478615	355.025818	25.698395	2450
566635	5498615	283.956909	65.06601	2450
586635	4898615	367.270538	2739.328369	2450
586635	4918615	1129.966674	5586.439941	2450
586635	4938615	613.585937	7917.518066	2450
586635	4958615	144.253998	6618.071777	2450
586635	4978615	24.854143	8122.166016	2450
586635	4998615	28.785704	8329.25293	2470
586635	5018615	49.874299	7243.01709	2470
586635	5038615	83.089615	6230.084961	2470
586635	5058615	569.381347	3895.762451	2470
586635	5078615	737.94934	3013.662598	2470
586635	5098615	1802.222412	10.099976	2450
586635	5118615	1251.215576	10.099976	2450
586635	5138615	2475.350586	371.323975	2450
586635	5158615	2266.159912	10.099854	2450
586635	5178615	2273.186523	10.099854	2450
586635	5198615	2350.432129	40.10498	2450
586635	5218615	2033.387329	10.099976	2450
586635	5238615	1637.372802	22.150757	2450
586635	5258615	1190.888794	64.376831	2450
586635	5278615	888.404235	640.277527	2450
586635	5298615	696.542541	3538.61377	2450
586635	5318615	593.644348	1623.095215	2450
586635	5338615	547.726257	948.183105	2450
586635	5358615	476.647919	306.757599	2450
586635	5378615	485.036896	58.947723	2450
586635	5398615	591.703796	69.502563	2450
586635	5418615	511.016327	82.13678	2450
586635	5438615	470.040253	76.909973	2450
586635	5458615	453.848694	71.058258	2450
586635	5478615	398.287994	51.134674	2450
586635	5498615	285.172119	73.946411	2450
606635	4898615	1174.183105	6809.829102	2450
606635	4918615	736.052002	7176.18457	2450
606635	4938615	321.063141	6382.181152	2450
606635	4958615	53.794487	6775.864746	2450
606635	4978615	16.236288	8096.961426	2450
606635	4998615	19.423697	7105.227539	2470
606635	5018615	45.245835	4844.837402	2470
606635	5038615	176.699936	4240.708008	2470
606635	5058615	624.966613	10.100037	2470
606635	5078615	1571.874878	10.099976	2450
606635	5098615	1570.251831	10.099976	2450
606635	5118615	1805.38623	121.164307	2450
606635	5138615	2154.240722	196.665894	2450
606635	5158615	2342.876709	207.927979	2450
606635	5178615	2250.58081	37.313965	2450
606635	5198615	2141.89917	123.773315	2450
606635	5218615	1893.284057	10.099976	2450
606635	5238615	1670.236084	10.099976	2450
606635	5258615	1348.711914	43.715088	2450
606635	5278615	871.968566	194.425903	2450
606635	5298615	782.92517	3819.687012	2450
606635	5318615	630.425109	2012.317871	2450
606635	5338615	540.425842	1137.788696	2450
606635	5358615	499.88205	592.769348	2450
606635	5378615	421.338135	137.487061	2450
606635	5398615	523.89978	113.822327	2450
606635	5418615	442.376526	207.124344	2450
606635	5438615	455.066559	55.635376	2450
606635	5458615	446.030914	45.391266	2450
606635	5478615	397.675781	47.821899	2450
606635	5498615	337.131439	102.249573	2450
626635	4898615	1176.117553	6812.932617	2450
626635	4918615	507.467743	6170.889648	2450
626635	4938615	248.688568	6787.433105	2450
626635	4958615	13.811518	7485.964355	2470
626635	4978615	11.788168	7596.79248	2470
626635	4998615	10.789992	5080.897949	2470
626635	5018615	61.850762	2904.286377	2470
626635	5038615	56.88781	1929.430664	2470
626635	5058615	348.504974	1261.011719	2470
626635	5078615	1187.152954	720.03833	2470
626635	5098615	1678.423706	254.263794	2470
626635	5118615	2229.554687	200.52356	2470
626635	5138615	2481.390625	145.658691	2450
626635	5158615	2218.091797	59.974365	2450
626635	5178615	2421.954101	219.675781	2450
626635	5198615	2338.866699	10.099854	2450
626635	5218615	1541.836914	10.099976	2450
626635	5238615	1697.181274	235.332275	2450
626635	5258615	1225.655029	10.099976	2450
626635	5278615	790.847534	179.512268	2450
626635	5298615	772.967102	2613.059326	2450
626635	5318615	620.820922	3134.377441	2450
626635	5338615	558.841919	1147.160156	2450
626635	5358615	492.972443	891.348022	2450
626635	5378615	445.551453	454.749847	2450
626635	5398615	435.786438	67.7276	2450
626635	5418615	487.918976	733.903931	2450
626635	5438615	448.005066	10.100006	2450
626635	5458615	425.186005	77.503265	2450
626635	5478615	365.619598	48.311584	2450
626635	5498615	318.106842	36.251617	2450
646635	4898615	808.269104	6053.022949	2450
646635	4918615	477.770813	6129.810059	2450
646635	4938615	60.094346	6677.937988	2450
646635	4958615	16.135855	7396.504883	2470
646635	4978615	6.19417	5496.836914	2470
646635	4998615	8.789824	4061.586914	2470
646635	5018615	32.836666	852.912598	2470
646635	5038615	133.915344	10.099998	2470
646635	5058615	796.722351	2412.17041	2470
646635	5078615	763.853942	4011.773438	2470
646635	5098615	792.081298	10.100037	2470
646635	5118615	1893.795532	442.078491	2450
646635	5138615	1590.284545	116.321777	2450
646635	5158615	1839.933593	182.216064	2450
646635	5178615	2502.489746	329.859131	2450
646635	5198615	2625.292236	10.099854	2450
646635	5218615	2053.908203	10.099854	2450
646635	5238615	1362.808105	10.099976	2450
646635	5258615	1469.196289	201.412231	2450
646635	5278615	1004.664184	200.988647	2450
646635	5298615	710.289062	1968.996094	2450
646635	5318615	644.061584	3711.537598	2470
646635	5338615	548.407592	1328.790039	2470
646635	5358615	483.946686	884.726196	2470
646635	5378615	458.63205	600.413269	2470
646635	5398615	417.766632	159.237	2470
646635	5418615	511.200653	10.100006	2470
646635	5438615	461.818237	41.097076	2450
646635	5458615	361.621796	46.810333	2450
646635	5478615	309.428314	42.190918	2450
646635	5498615	291.819611	69.665131	2450
666635	4898615	522.798767	5985.533691	2450
666635	4918615	383.207672	6355.561035	2450
666635	4938615	14.457198	7013.125977	2450
666635	4958615	8.836897	7674.602539	2470
666635	4978615	0.099522	3772.328369	2470
666635	4998615	4.628058	3558.005859	2470
666635	5018615	5.076319	1448.928711	2470
666635	5038615	222.919662	389.665283	2470
666635	5058615	1095.975341	943.342163	2470
666635	5078615	1228.104858	2965.086914	2470
666635	5098615	874.919677	4349.430176	2470
666635	5118615	602.428894	10.100037	2450
666635	5138615	962.513488	423.802795	2450
666635	5158615	892.121276	10.100037	2450
666635	5178615	1440.753906	36.086792	2450
666635	5198615	2346.688476	215.407715	2450
666635	5218615	2254.290283	10.099854	2450
666635	5238615	1214.065918	10.099976	2450
666635	5258615	1264.552978	182.120972	2450
666635	5278615	833.985778	241.154602	2450
666635	5298615	591.075012	2933.383789	2450
666635	5318615	621.549438	3890.355225	2470
666635	5338615	532.028564	1681.63623	2470
666635	5358615	498.987763	960.881592	2470
666635	5378615	435.779785	734.187195	2470
666635	5398615	367.607636	144.462234	2470
666635	5418615	470.277985	49.928101	2470
666635	5438615	481.511474	76.215576	2450
666635	5458615	409.449616	105.823151	2450
666635	5478615	392.911957	87.689819	2450
666635	5498615	459.190125	135.413147	2450
686635	4898615	693.542724	7175.105469	2450
686635	4918615	188.484299	6966.035156	2450
686635	4938615	10.450716	7257.616699	2450
686635	4958615	2.240557	6747.253418	2470
686635	4978615	-3.43077	2281.44458	2470
686635	4998615	-2.763971	2660.617432	2470
686635	5018615	9.003806	716.144226	2450
686635	5038615	97.588715	10.099998	2450
686635	5058615	178.855438	423.519409	2450
686635	5078615	983.321167	2306.264893	2470
686635	5098615	1303.022338	4813.633789	2470
686635	5118615	1696.230957	10.099976	2470
686635	5138615	1284.131469	414.438232	2450
686635	5158615	1064.34021	10.099976	2450
686635	5178615	2035.120239	492.894897	2450
686635	5198615	1477.84729	10.099976	2450
686635	5218615	1673.105346	10.099976	2450
686635	5238615	1151.445556	10.099976	2450
686635	5258615	1592.220459	253.426392	2450
686635	5278615	906.487121	10.100037	2450
686635	5298615	636.0177	1315.832397	2470
686635	5318615	628.207641	4713.822754	2470
686635	5338615	497.348236	1438.54541	2470
686635	5358615	466.480682	1220.181763	2470
686635	5378615	465.004913	858.71106	2470
686635	5398615	356.03949	256.567047	2470
686635	5418615	454.019531	47.138733	2470
686635	5438615	465.31012	82.92215	2450
686635	5458615	512.540283	92.221466	2450
686635	5478615	527.924377	47.998108	2450
686635	5498615	472.253082	77.767517	2450
706635	4898615	391.266419	7851.257324	2450
706635	4918615	100.35862	7480.255371	2450
706635	4938615	-2.878391	7193.222168	2470
706635	4958615	-5.033508	4138.300781	2470
706635	4978615	-6.369054	1277.964478	2470
706635	4998615	-9.864374	1134.652466	2450
706635	5018615	53.035347	222.851685	2450
706635	5038615	54.522103	77.353134	2450
706635	5058615	1.308049	483.352722	2450
706635	5078615	780.352356	2347.736328	2470
706635	5098615	981.441223	4341.93457	2470
706635	5118615	1661.93457	10.099976	2470
706635	5138615	1918.229248	357.482788	2450
706635	5158615	1869.445556	10.099976	2450
706635	5178615	1344.233642	10.099976	2450
706635	5198615	2196.926757	586.633911	2450
706635	5218615	2121.499267	10.099854	2450
706635	5238615	1696.867309	10.099976	2450
706635	5258615	1283.260742	116.830566	2450
706635	5278615	1183.920166	185.944885	2450
706635	5298615	721.253295	758.222961	2470
706635	5318615	605.42041	5174.344727	2470
706635	5338615	506.255951	1661.498535	2470
706635	5358615	437.238068	1289.913086	2470
706635	5378615	472.809875	910.135254	2470
706635	5398615	420.312622	306.172699	2470
706635	5418615	398.982422	68.968323	2470
706635	5438615	489.11789	78.638214	2450
706635	5458615	465.306763	26.007172	2450
706635	5478615	428.0383	37.641571	2450
706635	5498615	446.523926	82.12323	2450
726635	4898615	178.992188	8057.175781	2450
726635	4918615	-0.432163	7287.552734	2450
726635	4938615	-8.163057	7213.942871	2470
726635	4958615	-13.599989	3418.77002	2470
726635	4978615	-12.97246	3084.0271	2450
726635	4998615	-12.21258	1381.11731	2450
726635	5018615	-10.801422	470.390686	2450
726635	5038615	4.377219	199.802811	2450
726635	5058615	18.968089	539.165283	2450
726635	5078615	260.222778	2149.751953	2450
726635	5098615	621.436889	4035.068115	2470
726635	5118615	1441.849487	4388.331543	2470
726635	5138615	1551.629272	10.099976	2470
726635	5158615	2141.748291	258.970947	2450
726635	5178615	1644.447509	10.099976	2450
726635	5198615	1821.882446	172.624634	2450
726635	5218615	2172.016357	124.48584	2450
726635	5238615	1616.842529	10.099976	2450
726635	5258615	972.148986	10.100037	2450
726635	5278615	1101.400634	236.61438	2450
726635	5298615	530.525146	567.797363	2470
726635	5318615	481.82489	4944.983398	2470
726635	5338615	547.633117	1997.686401	2470
726635	5358615	471.83551	1535.487915	2470
726635	5378615	430.660065	918.360535	2470
726635	5398615	455.551331	266.410034	2470
726635	5418615	381.822815	114.817078	2470
726635	5438615	362.644165	90.933472	2450
726635	5458615	395.639191	80.864166	2450
726635	5478615	402.726502	56.738068	2450
726635	5498615	425.03363	12.404022	2450
746635	4898615	25.938936	8361.679688	2450
746635	4918615	-7.069925	7330.796387	2450
746635	4938615	-12.646063	7038.855957	2470
746635	4958615	-13.149206	4493.583984	2470
746635	4978615	-13.748188	4919.618164	2450
746635	4998615	-12.303007	3064.664307	2450
746635	5018615	-10.786127	1571.533936	2450
746635	5038615	-10.489199	1969.47168	2450
746635	5058615	11.134146	2638.833984	2450
746635	5078615	85.653161	3577.934814	2450
746635	5098615	559.92926	3794.85083	2470
746635	5118615	676.071533	3693.172607	2470
746635	5138615	1537.855712	3698.050293	2470
746635	5158615	1849.624389	10.099976	2450
746635	5178615	1740.21643	121.024414	2450
746635	5198615	2235.469238	241.973877	2450
746635	5218615	2545.245117	192.042236	2450
746635	5238615	1562.555053	10.099976	2450
746635	5258615	1135.976196	10.099976	2450
746635	5278615	1084.366699	374.386475	2450
746635	5298615	746.452941	885.63092	2470
746635	5318615	514.968566	4773.134766	2470
746635	5338615	487.968231	2378.276367	2470
746635	5358615	456.413452	1697.324219	2470
746635	5378615	458.995972	890.907104	2470
746635	5398615	415.182312	274.581665	2470
746635	5418615	334.454285	419.807617	2450
746635	5438615	479.394806	441.117645	2450
746635	5458615	413.831055	10.100006	2450
746635	5478615	492.96695	72.645721	2450
746635	5498615	575.991027	24.141846	2450
766635	4898615	-7.595804	8434.246094	2450
766635	4918615	-13.588274	8125.470703	2450
766635	4938615	-18.79109	6731.956543	2450
766635	4958615	-19.132729	6112.047363	2450
766635	4978615	-11.159807	5919.242188	2450
766635	4998615	-21.353102	4930.277344	2450
766635	5018615	-25.164282	3652.665527	2450
766635	5038615	-11.976259	3514.188721	2450
766635	5058615	-4.532375	2982.396729	2450
766635	5078615	-6.482738	2291.268311	2450
766635	5098615	285.98996	3498.42749	2450
766635	5118615	1158.147705	4124.624512	2470
766635	5138615	1435.534301	4397.206055	2470
766635	5158615	1390.315918	3913.159668	2470
766635	5178615	1839.881958	950.370361	2450
766635	5198615	2046.923462	10.099976	2450
766635	5218615	2167.572509	41.965332	2450
766635	5238615	1596.999755	10.099976	2450
766635	5258615	1313.568359	120.342896	2450
766635	5278615	1135.46289	210.198608	2450
766635	5298615	795.139709	506.32196	2450
766635	5318615	538.768554	4620.63623	2470
766635	5338615	453.426422	2795.800049	2470
766635	5358615	435.670319	1550.923706	2470
766635	5378615	455.752808	778.668823	2470
766635	5398615	371.875122	578.935547	2470
766635	5418615	308.792297	533.114746	2450
766635	5438615	492.890289	295.431763	2450
766635	5458615	402.248077	10.100006	2450
766635	5478615	605.197509	123.173065	2450
766635	5498615	543.895263	18.998901	2450
786635	4898615	-21.879961	8152.314453	2450
786635	4918615	-32.672462	6592.333984	2450
786635	4938615	-39.388931	6891.959473	2450
786635	4958615	-40.72044	5080.414063	2450
786635	4978615	-33.116703	5236.031738	2450
786635	4998615	-38.809601	4498.580078	2450
786635	5018615	-33.39249	3762.337158	2450
786635	5038615	-23.922098	2955.213623	2450
786635	5058615	-11.094088	2013.068481	2450
786635	5078615	-1.673559	1191.028198	2450
786635	5098615	11.346072	2480.875	2450
786635	5118615	391.492767	3246.488281	2450
786635	5138615	1054.246704	3733.560059	2470
786635	5158615	1479.836914	3761.016113	2470
786635	5178615	1662.749878	10.099976	2470
786635	5198615	1558.272338	35.245483	2470
786635	5218615	2300.041259	388.397217	2450
786635	5238615	1596.977539	10.099976	2450
786635	5258615	1128.540161	10.099976	2450
786635	5278615	1316.497314	324.522461	2450
786635	5298615	712.798156	10.100037	2450
786635	5318615	426.268005	2108.98584	2470
786635	5338615	434.730133	3118.804932	2470
786635	5358615	443.179688	1093.571411	2470
786635	5378615	428.888702	1148.389893	2470
786635	5398615	337.223267	627.933105	2450
786635	5418615	379.701386	820.331909	2450
786635	5438615	620.644165	10.100037	2450
786635	5458615	581.041076	63.863525	2450
786635	5478615	480.613708	33.471191	2450
786635	5498615	422.716858	70.242035	2450
806635	4898615	-40.138168	7859.387207	2450
806635	4918615	-49.971745	6266.356445	2450
806635	4938615	-49.586811	5279.379395	2450
806635	4958615	-48.011272	4557.943848	2450
806635	4978615	-44.776283	4698.274902	2450
806635	4998615	-40.749306	3720.316406	2450
806635	5018615	-35.626007	2618.77417	2450
806635	5038615	-31.592653	2235.074707	2450
806635	5058615	-13.916353	1643.495239	2450
806635	5078615	-5.534547	902.604736	2450
806635	5098615	42.509575	1470.38269	2450
806635	5118615	176.474671	2875.013672	2450
806635	5138615	689.579773	3297.751953	2470
806635	5158615	1079.994506	1341.098145	2470
806635	5178615	1193.10498	10.099976	2470
806635	5198615	1747.219726	497.755249	2470
806635	5218615	2109.562256	395.062744	2450
806635	5238615	1354.84021	10.099976	2450
806635	5258615	1571.023071	398.565918	2450
806635	5278615	1203.943237	219.030884	2450
806635	5298615	584.960449	10.100037	2450
806635	5318615	534.731384	43.708191	2470
806635	5338615	464.169708	3320.061035	2470
806635	5358615	366.79422	1607.710083	2470
806635	5378615	403.202057	1277.555176	2470
806635	5398615	347.688873	867.047729	2450
806635	5418615	616.889221	17.328491	2450
806635	5438615	690.549743	10.100037	2450
806635	5458615	895.062683	172.758301	2450
806635	5478615	453.047821	10.100006	2450
806635	5498615	399.737518	31.040619	2450
826635	4898615	-56.560638	6868.731934	2450
826635	4918615	-55.253983	5508.767578	2450
826635	4938615	-50.735828	5105.647949	2450
826635	4958615	-50.025265	4637.314453	2450
826635	4978615	-48.734154	4035.462891	2450
826635	4998615	-44.211109	2836.258789	2450
826635	5018615	-39.281868	966.314636	2450
826635	5038615	-34.4879	1203.044556	2450
826635	5058615	-18.727636	885.836792	2450
826635	5078615	-10.669479	525.573975	2450
826635	5098615	41.950814	930.603516	2450
826635	5118615	146.553085	948.74707	2450
826635	5138615	816.604126	919.509521	2470
826635	5158615	1198.772705	791.518921	2470
826635	5178615	1011.262573	10.100037	2470
826635	5198615	1498.752197	238.028198	2470
826635	5218615	2236.407715	541.092529	2450
826635	5238615	1720.252807	10.099976	2450
826635	5258615	1021.396484	10.100037	2450
826635	5278615	1136.919067	143.364685	2450
826635	5298615	881.307739	10.100037	2450
826635	5318615	660.151733	412.556946	2470
826635	5338615	594.15216	3522.356934	2470
826635	5358615	372.199158	2215.861572	2470
826635	5378615	350.225464	131.554688	2470
826635	5398615	389.118988	10.100006	2450
826635	5418615	613.343139	10.100037	2450
826635	5438615	1126.947021	375.846558	2450
826635	5458615	675.322387	10.100037	2450
826635	5478615	526.943237	42.723541	2450
826635	5498615	466.711884	58.327271	2450
846635	4898615	-78.245964	5302.523926	2450
846635	4918615	-66.665543	4232.066406	2450
846635	4938615	-56.89212	4118.712402	2450
846635	4958615	-50.966877	2434.603027	2450
846635	4978615	-49.263531	1171.030151	2450
846635	4998615	-46.808395	85.76091	2450
846635	5018615	-49.850231	10.099998	2450
846635	5038615	-42.314308	506.72403	2450
846635	5058615	-26.946016	625.557617	2450
846635	5078615	-9.22381	543.838379	2450
846635	5098615	42.622803	750.942139	2450
846635	5118615	380.044495	794.202393	2450
846635	5138615	906.663818	1150.911255	2470
846635	5158615	1194.21228	1317.964844	2470
846635	5178615	1062.800415	10.099976	2470
846635	5198615	1112.852172	10.099976	2450
846635	5218615	1663.911865	124.487915	2450
846635	5238615	1811.435302	10.099976	2450
846635	5258615	1391.947387	10.099976	2450
846635	5278615	1265.033081	10.099976	2450
846635	5298615	836.044799	10.100037	2450
846635	5318615	601.416381	241.281158	2450
846635	5338615	510.498688	2628.403564	2470
846635	5358615	401.496582	1523.963745	2470
846635	5378615	535.849548	10.100037	2450
846635	5398615	641.580688	18.745117	2450
846635	5418615	861.622802	187.384827	2450
846635	5438615	942.956726	103.489868	2450
846635	5458615	606.158081	10.100037	2450
846635	5478615	461.409027	87.180847	2450
846635	5498615	568.659607	146.4935	2450
866635	4898615	-80.151993	3549.300781	2450
866635	4918615	-69.257439	3291.789307	2450
866635	4938615	-52.317101	2241.596191	2450
866635	4958615	-49.782494	10.100002	2450
866635	4978615	-51.322449	202.24968	2450
866635	4998615	-9.094286	10.1	2450
866635	5018615	108.544564	355.531403	2450
866635	5038615	156.171372	490.045715	2450
866635	5058615	-16.12571	247.319153	2450
866635	5078615	188.251312	520.274536	2450
866635	5098615	408.234528	540.947083	2450
866635	5118615	535.090942	10.100037	2450
866635	5138615	1523.206543	97.470215	2450
866635	5158615	1198.382202	10.099976	2450
866635	5178615	826.915283	10.100037	2450
866635	5198615	1646.794555	352.287476	2450
866635	5218615	1644.040649	10.099976	2450
866635	5238615	1630.715942	139.06958	2450
866635	5258615	1456.450317	10.099976	2450
866635	5278615	1150.230346	10.099976	2450
866635	5298615	1294.706787	394.124695	2450
866635	5318615	607.448181	256.748047	2450
866635	5338615	361.922791	1991.479126	2470
866635	5358615	332.771759	513.886047	2470
866635	5378615	487.522003	10.100006	2450
866635	5398615	667.219299	160.125488	2450
866635	5418615	899.481506	137.098938	2450
866635	5438615	729.697204	10.100037	2450
866635	5458615	458.90683	37.818054	2450
866635	5478615	429.069916	47.506744	2450
866635	5498615	452.991425	28.022125	2450
886635	4898615	-79.171608	43.742287	2450
886635	4918615	-67.020821	93.104424	2450
886635	4938615	-54.814949	10.099998	2450
886635	4958615	-53.345207	522.677917	2450
886635	4978615	23.868052	182.044052	2450
886635	4998615	238.80777	347.9552	2450
886635	5018615	355.624634	446.861053	2450
886635	5038615	238.393646	243.780243	2450
886635	5058615	531.262268	375.750122	2450
886635	5078615	514.291931	10.100037	2450
886635	5098615	764.762085	10.100037	2450
886635	5118615	712.306396	10.100037	2450
886635	5138615	1046.083984	105.906128	2450
886635	5158615	960.667114	10.100037	2450
886635	5178615	613.368347	47.672546	2450
886635	5198615	1091.700317	10.099976	2450
886635	5218615	1455.773681	59.912964	2450
886635	5238615	1385.823608	10.099976	2450
886635	5258615	1594.506958	53.419922	2450
886635	5278615	1073.770629	10.099976	2450
886635	5298615	1148.985351	533.724854	2450
886635	5318615	578.715149	1300.368774	2450
886635	5338615	362.46637	2541.228027	2470
886635	5358615	283.657807	10.099976	2470
886635	5378615	702.044433	128.18927	2450
886635	5398615	779.461364	179.165955	2450
886635	5418615	643.103271	10.100037	2450
886635	5438615	479.507202	10.100006	2450
886635	5458615	421.314148	80.047577	2450
886635	5478615	440.926819	35.927124	2450
886635	5498615	507.813812	84.493225	2450
906635	4898615	-78.626335	10.099998	2450
906635	4918615	-68.572998	10.099998	2450
906635	4938615	-62.755737	10.099998	2450
906635	4958615	-42.139488	10.100002	2450
906635	4978615	-49.58741	10.100002	2450
906635	4998615	75.00795	32.88118	2450
906635	5018615	214.670319	10.099991	2450
906635	5038615	759.748657	54.865906	2450
906635	5058615	510.832001	10.100006	2450
906635	5078615	686.185241	10.100037	2450
906635	5098615	546.612426	10.100037	2450
906635	5118615	599.054687	194.62439	2450
906635	5138615	523.75592	10.100037	2450
906635	5158615	1138.830078	345.801331	2450
906635	5178615	479.245453	10.100006	2450
906635	5198615	731.413024	51.412781	2450
906635	5218615	1005.678222	105.246277	2450
906635	5238615	1127.888549	10.099976	2450
906635	5258615	1517.961059	125.020142	2450
906635	5278615	1070.032592	10.099976	2450
906635	5298615	1083.671264	1772.843994	2450
906635	5318615	657.274536	4644.604004	2450
906635	5338615	358.69693	234.722717	2470
906635	5358615	256.632935	10.099991	2470
906635	5378615	574.7854	159.316376	2450
906635	5398615	718.294799	122.952881	2450
906635	5418615	580.525512	42.899475	2450
906635	5438615	465.675995	127.579956	2450
906635	5458615	446.187195	54.563293	2450
906635	5478615	438.767151	36.948547	2450
906635	5498615	527.601989	62.603302	2450
926635	4898615	-78.378632	96.570816	2450
926635	4918615	-76.094803	87.228165	2450
926635	4938615	-47.706711	77.022034	2450
926635	4958615	32.414402	91.68615	2450
926635	4978615	85.893761	89.710037	2450
926635	4998615	52.05082	62.499767	2450
926635	5018615	-53.525978	10.100002	2450
926635	5038615	285.464142	176.744949	2450
926635	5058615	1189.682617	563.840942	2450
926635	5078615	786.397216	10.100037	2450
926635	5098615	569.774475	53.010681	2450
926635	5118615	269.262512	84.674301	2450
926635	5138615	714.865234	131.213806	2450
926635	5158615	1151.283691	10.099976	2450
926635	5178615	449.40976	10.100006	2450
926635	5198615	1146.385864	392.806335	2450
926635	5218615	1392.509155	153.074585	2450
926635	5238615	1027.801147	10.100037	2450
926635	5258615	1578.861816	340.506592	2450
926635	5278615	1297.976196	446.895264	2450
926635	5298615	784.473999	2887.538574	2450
926635	5318615	686.523864	1476.756348	2450
926635	5338615	355.755707	10.099976	2470
926635	5358615	307.597595	10.099976	2470
926635	5378615	712.690734	268.526154	2450
926635	5398615	889.273925	167.479858	2450
926635	5418615	557.662841	10.100037	2450
926635	5438615	439.66626	62.71344	2450
926635	5458615	443.231781	35.531616	2450
926635	5478615	513.762756	85.234924	2450
926635	5498615	587.651367	155.675446	2450
