# These data are freely available under the Creative Commons Attribution 4.0 International Licence (CC BY 4.0)					
# when using the data please cite as: 					
# Spooner, Cameron; Scheck-Wenderoth, Magdalena; Götze, Hans-Jürgen; Ebbing, Jörg; Hetényi, György (2019): 3D Gravity Constrained Model of Density Distribution Across the Alpine Lithosphere. GFZ Data Services. http://doi.org/10.5880/GFZ.4.5.2019.004
X COORD (UTM Zone 32N)	Y COORD (UTM Zone 32N)	TOP (m.a.s.l)	THICKNESS (m)	DENSITY (Kg/m3)
286635	4898615	-17619.43494	7203.818359	2750
286635	4918615	-18363.04565	7080.443359	2750
286635	4938615	-19839.62207	8185.623047	2750
286635	4958615	-21448.27588	10829.85547	2750
286635	4978615	-23547.5918	12337.9707	2750
286635	4998615	-24353.68042	12917.30078	3100
286635	5018615	-23770.25208	12364.05273	2800
286635	5038615	-19645.29822	15220.77148	2800
286635	5058615	-17085.92963	17224.62109	2800
286635	5078615	-14840.53552	19521.33594	2800
286635	5098615	-14517.60126	19178.34375	2800
286635	5118615	-15083.27374	16840.97656	2800
286635	5138615	-16323.6225	13991.90625	2800
286635	5158615	-16933.19147	13054.55469	2800
286635	5178615	-20697.67127	8583.189453	2800
286635	5198615	-23390.70246	4705.707031	2800
286635	5218615	-22973.8006	4029.296875	2800
286635	5238615	-22323.78705	3795.388672	2800
286635	5258615	-21823.66564	4182.015625	2800
286635	5278615	-21124.28085	5278.550781	2800
286635	5298615	-20755.50808	6375.251953	2800
286635	5318615	-20627.92171	7572.605469	2800
286635	5338615	-20654.6593	8496.3125	2800
286635	5358615	-20620.11529	8914.595703	2800
286635	5378615	-20863.22868	8929.541016	2920
286635	5398615	-21826.68151	8192.251953	2920
286635	5418615	-22338.24604	7843.357422	2920
286635	5438615	-20765.18836	9670.585938	2920
286635	5458615	-17478.4027	13589.14453	2920
286635	5478615	-14600.07309	17424.20313	2920
286635	5498615	-12816.23331	20094.61328	2920
306635	4898615	-18534.79078	7212.498047	2750
306635	4918615	-19684.17847	7559.134766	2750
306635	4938615	-21563.77893	8197.646484	2750
306635	4958615	-23660.72644	10072.12109	2750
306635	4978615	-26466.06592	10824.9082	3100
306635	4998615	-27414.2544	11028.78125	3100
306635	5018615	-26187.0022	11287.02539	3100
306635	5038615	-21927.23914	14314.80273	2800
306635	5058615	-17073.56226	18787.60156	2800
306635	5078615	-14823.44703	21040.84961	2800
306635	5098615	-14673.43579	20451.67969	2800
306635	5118615	-14511.18952	18801.14453	2800
306635	5138615	-14952.49338	16082.44434	2800
306635	5158615	-16616.41788	12696.91016	2800
306635	5178615	-20940.40448	6975.013672	2800
306635	5198615	-24019.1839	2987.210938	2800
306635	5218615	-22357.43213	4214.640625	2800
306635	5238615	-21335.96732	5206.142578	2800
306635	5258615	-20636.45893	6055.175781	2800
306635	5278615	-19962.11003	6891.291016	2800
306635	5298615	-19704.55121	7314.810547	2800
306635	5318615	-19703.52597	7771.472656	2800
306635	5338615	-19802.35977	8298.017578	2800
306635	5358615	-19539.2166	9038.074219	2800
306635	5378615	-19521.26409	9428.285156	2920
306635	5398615	-21043.89412	8165.494141	2920
306635	5418615	-21812.12369	7534.759766	2920
306635	5438615	-20033.89879	9340.347656	2920
306635	5458615	-16403.19818	13056.01563	2920
306635	5478615	-14238.77104	15801.92383	2920
306635	5498615	-13794.69958	17052.90234	2920
326635	4898615	-18602.33533	8064.871094	2750
326635	4918615	-21533.48108	10061.25781	2750
326635	4938615	-24028.31494	12320.48047	2750
326635	4958615	-26560.67468	13190.4082	3100
326635	4978615	-29556.1582	11674.77344	3100
326635	4998615	-30331.61377	10973.61719	3100
326635	5018615	-28388.71558	12125.48828	3100
326635	5038615	-24448.52783	14735.07031	3100
326635	5058615	-19910.51343	18257.0332	2800
326635	5078615	-14659.30176	23270.69531	2800
326635	5098615	-14533.69104	22476.5625	2800
326635	5118615	-14255.89233	20486.7793	2800
326635	5138615	-14972.5431	16650.71094	2800
326635	5158615	-16487.52692	12087.93945	2800
326635	5178615	-20660.75641	5681.773438	2800
326635	5198615	-24040.70514	1485.958984	2800
326635	5218615	-22125.38459	3537.71875	2800
326635	5238615	-21021.51599	5176.302734	2800
326635	5258615	-20171.52237	6225.285156	2800
326635	5278615	-19328.34274	6870.996094	2800
326635	5298615	-18992.65145	6983.359375	2800
326635	5318615	-18989.43237	7122.099609	2800
326635	5338615	-19302.89273	7372.671875	2800
326635	5358615	-19221.05936	8176.927734	2800
326635	5378615	-19043.54584	8880.517578	2920
326635	5398615	-21059.0452	7180.589844	2920
326635	5418615	-22137.51866	6284.873047	2920
326635	5438615	-19549.43022	8953.103516	2920
326635	5458615	-15338.34367	13296.59375	2920
326635	5478615	-13793.15854	15445.50977	2920
326635	5498615	-14362.35817	15789.37598	2920
346635	4898615	-19014.91955	9632.314453	2750
346635	4918615	-24362.54371	9576.865234	2750
346635	4938615	-27312.53577	10624.7793	3100
346635	4958615	-28247.9961	11084.13086	3100
346635	4978615	-29629.95715	10032.89258	3100
346635	4998615	-30026.81116	10049.89648	3100
346635	5018615	-29578.17371	11143.69922	3100
346635	5038615	-26339.91284	14812.27148	3100
346635	5058615	-22363.31494	18527.2832	3100
346635	5078615	-18223.5127	22606.4043	2800
346635	5098615	-14775.99488	24880.35547	2800
346635	5118615	-14473.0055	22142.33008	2800
346635	5138615	-14956.26282	17759.85742	2800
346635	5158615	-16579.88452	12587.74805	2800
346635	5178615	-20678.53199	5745.253906	2800
346635	5198615	-23810.54248	1475.833984	2800
346635	5218615	-21999.60419	3124.742188	2800
346635	5238615	-20604.16107	4924.939453	2800
346635	5258615	-19498.34394	5982.560547	2800
346635	5278615	-18418.78044	6619.287109	2800
346635	5298615	-17985.76288	6611.564453	2800
346635	5318615	-17908.72998	6625.708984	2800
346635	5338615	-17995.34659	7024.998047	2800
346635	5358615	-17905.97596	7994.275391	2800
346635	5378615	-17668.03252	8945.345703	2800
346635	5398615	-19540.87941	7542.619141	2920
346635	5418615	-20661.24507	6807.134766	2920
346635	5438615	-17356.56726	10487.35742	2920
346635	5458615	-13122.12389	15207.05176	2920
346635	5478615	-13340.47082	15646.66016	2920
346635	5498615	-15074.41395	14585.83984	2920
366635	4898615	-19228.22779	11694.28516	2750
366635	4918615	-22940.02802	10727.58984	2750
366635	4938615	-22925.41504	10131.01953	3100
366635	4958615	-22157.10724	10149.43359	3100
366635	4978615	-22187.74987	10592.54883	3100
366635	4998615	-23208.72809	11136.88281	3100
366635	5018615	-25712.82093	11559.0332	3100
366635	5038615	-25818.43994	14432.3418	3100
366635	5058615	-24049.271	18136.10156	3100
366635	5078615	-19919.86133	23335.59375	3100
366635	5098615	-15245.75659	27133.39063	2800
366635	5118615	-15533.33716	23262.36133	2800
366635	5138615	-17031.58533	17363.4375	2800
366635	5158615	-18723.37415	12358.39648	2800
366635	5178615	-21909.02887	6599.849609	2800
366635	5198615	-23939.36719	2691.96875	2800
366635	5218615	-21860.72986	3604.681641	2800
366635	5238615	-20308.35505	4802.117188	2800
366635	5258615	-18841.62036	5915.642578	2800
366635	5278615	-17519.78696	6681.554688	2800
366635	5298615	-17095.26806	6540.869141	2800
366635	5318615	-17236.3338	6144.777344	2800
366635	5338615	-17497.50589	6288.388672	2800
366635	5358615	-17599.04867	6952.693359	2800
366635	5378615	-17582.81345	7782.537109	2800
366635	5398615	-17701.02266	8328.933594	2920
366635	5418615	-18137.89914	8533.574219	2920
366635	5438615	-15474.31891	11906.61914	2920
366635	5458615	-12235.97205	15995.5	2920
366635	5478615	-13244.94592	15623.87598	2920
366635	5498615	-15556.25833	13529.55469	2920
386635	4898615	-25760.70026	6935.867188	2750
386635	4918615	-17613.91772	13555.60156	2750
386635	4938615	-15316.74014	10392.4375	2750
386635	4958615	-14889.65286	8462.681641	2750
386635	4978615	-15422.74325	8382.1875	3100
386635	4998615	-17439.79888	8414.103516	3100
386635	5018615	-20786.71954	9198.287109	3100
386635	5038615	-22224.81464	12871.72266	3100
386635	5058615	-22595.27502	16567.37109	3100
386635	5078615	-21961.52149	20862.87109	3100
386635	5098615	-16382.69482	27502.98828	2800
386635	5118615	-15511.86804	25683.08203	2800
386635	5138615	-17925.26306	19306.74023	2800
386635	5158615	-19579.5525	14516.5293	2800
386635	5178615	-21986.13775	9808.833984	2800
386635	5198615	-24062.28314	5288.283203	2800
386635	5218615	-21924.25027	4969.603516	2800
386635	5238615	-20279.73218	5221.916016	2800
386635	5258615	-18482.82105	6307.875	2800
386635	5278615	-16856.71283	7366.269531	2800
386635	5298615	-16361.1118	7385.966797	2800
386635	5318615	-16905.37189	6543.851563	2800
386635	5338615	-17977.88919	5656.550781	2800
386635	5358615	-18421.8797	5698.376953	2800
386635	5378615	-18333.19655	6507.753906	2800
386635	5398615	-17505.07546	8089.375	2920
386635	5418615	-16401.55932	9932.097656	2920
386635	5438615	-15210.96034	11981.53906	2920
386635	5458615	-13962.38254	14202.49414	2920
386635	5478615	-14053.85441	14774.32129	2920
386635	5498615	-15187.20517	13739.14648	2920
406635	4898615	-20526.66272	13077.39258	2750
406635	4918615	-19788.55404	11285.79492	2750
406635	4938615	-11193.17389	12170.51953	2750
406635	4958615	-11413.53562	9459.865234	2750
406635	4978615	-10218.00412	10780.30078	2750
406635	4998615	-10597.26022	10692.99512	3100
406635	5018615	-12895.31244	10301.81348	3100
406635	5038615	-15594.87183	11245.32031	3100
406635	5058615	-18785.33521	12451.77734	3100
406635	5078615	-22479.90393	14931.5625	3100
406635	5098615	-17597.89721	24416.80859	2800
406635	5118615	-16117.93115	25932.80859	2800
406635	5138615	-17415.71326	22651.4668	2800
406635	5158615	-18424.01099	19478.86328	2800
406635	5178615	-21807.68018	13679.7793	2800
406635	5198615	-24324.4867	8123.677734	2800
406635	5218615	-22310.44398	7052.056641	2950
406635	5238615	-20510.30112	6465.832031	2800
406635	5258615	-18494.02777	7285.175781	2800
406635	5278615	-16453.47501	8690.080078	2800
406635	5298615	-15551.94605	9213.855469	2800
406635	5318615	-15775.29155	8767.703125	2800
406635	5338615	-16474.27554	8023.867188	2800
406635	5358615	-16950.61383	7669.572266	2800
406635	5378615	-17091.55137	8034.640625	2800
406635	5398615	-17257.77008	8581.958984	2800
406635	5418615	-17054.39948	9460.933594	2920
406635	5438615	-16464.99918	10796.21875	2920
406635	5458615	-15883.18294	12185.30469	2920
406635	5478615	-15157.99625	13566.21289	2920
406635	5498615	-14793.97948	14153.03809	2920
426635	4898615	-17524.92606	16198.88672	2750
426635	4918615	-15934.98081	18407.89063	2750
426635	4938615	-17699.20996	11899.52148	2750
426635	4958615	-15863.90969	11598.17676	2750
426635	4978615	-17836.7769	9209.173828	2750
426635	4998615	-14702.17612	10177.59961	2750
426635	5018615	-10235.74381	11430.16602	3100
426635	5038615	-12683.7475	8304.710938	3100
426635	5058615	-15581.73853	8048.336914	3100
426635	5078615	-19808.60937	9793.021484	3100
426635	5098615	-18627.63483	17597.97266	3100
426635	5118615	-18053.39563	21610.70117	2800
426635	5138615	-17423.14942	24170.73242	2800
426635	5158615	-18598.98243	23151.74805	2800
426635	5178615	-22300.86658	15934.70117	2950
426635	5198615	-24669.73657	9626.464844	2950
426635	5218615	-22627.13458	8728.285156	2950
426635	5238615	-21000.14541	7685.650391	2800
426635	5258615	-19232.89179	7741.435547	2800
426635	5278615	-17205.50647	8722.103516	2800
426635	5298615	-15864.15363	9547.043945	2800
426635	5318615	-15290.33279	9910.382813	2800
426635	5338615	-14361.13791	10670.91699	2800
426635	5358615	-14697.23852	10283.79883	2800
426635	5378615	-15176.43118	10178.18066	2800
426635	5398615	-16583.64488	9455.160156	2800
426635	5418615	-18538.2198	8140.630859	2920
426635	5438615	-18304.50343	8993.292969	2920
426635	5458615	-16733.99722	11143.42188	2920
426635	5478615	-16052.07473	12238.85449	2920
426635	5498615	-16079.86506	12376.08789	2920
446635	4898615	-19013.2917	11711.14063	2750
446635	4918615	-19557.25147	15500.93945	2750
446635	4938615	-22064.89709	12389.20898	2750
446635	4958615	-24123.02217	10521.05859	2750
446635	4978615	-26651.96237	8319.056641	2750
446635	4998615	-22731.36282	10123.02344	2750
446635	5018615	-15724.94411	11776.42383	2750
446635	5038615	-15009.72287	7995.291016	3100
446635	5058615	-14486.00445	6455.981445	3100
446635	5078615	-15514.44214	6673.258789	3100
446635	5098615	-16558.75958	10942.2793	3100
446635	5118615	-17160.05927	18004.3457	2800
446635	5138615	-16407.64185	26857.37305	2800
446635	5158615	-18500.1836	27961.82617	2950
446635	5178615	-22126.07788	18739.8418	2950
446635	5198615	-24602.23724	10962.2207	2950
446635	5218615	-22911.33627	9963.431641	2950
446635	5238615	-21801.83661	8260.375	2950
446635	5258615	-20930.69336	7068.523438	2800
446635	5278615	-18742.55549	7776.353516	2800
446635	5298615	-17021.45112	8641.892578	2800
446635	5318615	-16569.50451	8741.673828	2800
446635	5338615	-15956.96949	9150.75	2800
446635	5358615	-15650.82527	9399.551758	2800
446635	5378615	-15116.28995	10221.12012	2800
446635	5398615	-15876.90291	10078.44922	2800
446635	5418615	-19561.98827	6984.015625	2920
446635	5438615	-20045.15108	6963.791016	2920
446635	5458615	-17387.51996	9945.517578	2920
446635	5478615	-16388.11438	11129.01367	2920
446635	5498615	-16642.74093	10912.80469	2920
466635	4898615	-11800.99243	14878.37695	2750
466635	4918615	-23768.68712	8000.515625	2750
466635	4938615	-20898.93921	13202.68945	2750
466635	4958615	-27496.70898	9973.228516	2750
466635	4978615	-25828.11584	14684.10547	2750
466635	4998615	-23595.40272	17293.16602	2950
466635	5018615	-20798.61379	16347.88867	2950
466635	5038615	-18774.41774	13030.16992	2950
466635	5058615	-16265.76447	10006.80762	2950
466635	5078615	-14572.26932	6895.071289	2950
466635	5098615	-15013.61951	6829.743164	2950
466635	5118615	-15408.16656	13845.02051	2950
466635	5138615	-15782.94397	24524.66211	2950
466635	5158615	-17996.14551	28695.13281	2950
466635	5178615	-21814.70826	21270.76953	2950
466635	5198615	-24516.33015	12985.11328	2950
466635	5218615	-22932.56842	11165.38672	2950
466635	5238615	-22265.50342	8862.626953	2950
466635	5258615	-21228.98898	7667.994141	2800
466635	5278615	-18247.21588	8945.541016	2800
466635	5298615	-16881.397	9116.503906	2800
466635	5318615	-17638.17297	7744.916016	2800
466635	5338615	-17380.74188	7745.322266	2800
466635	5358615	-16785.31055	8368.037109	2800
466635	5378615	-16124.77417	9255.578125	2800
466635	5398615	-17607.75846	8179.007813	2800
466635	5418615	-21630.96224	4589.306641	2920
466635	5438615	-21090.48294	5421.960938	2920
466635	5458615	-18117.54052	8439.005859	2920
466635	5478615	-16571.74495	9886.029297	2920
466635	5498615	-16180.06193	10154.05566	2920
486635	4898615	-13548.68824	11224.72266	2750
486635	4918615	-16122.45519	13419.67871	2950
486635	4938615	-16462.1626	15727.79883	2950
486635	4958615	-18379.98551	18931.54297	2950
486635	4978615	-19069.29683	23726.41211	2950
486635	4998615	-19576.08816	24891.51172	2950
486635	5018615	-19077.88369	23022.16211	2950
486635	5038615	-16813.45151	21272.91797	2950
486635	5058615	-16982.5603	16724.48438	2950
486635	5078615	-15121.65643	10695.22754	2950
486635	5098615	-14509.96814	7676.830078	2950
486635	5118615	-14691.79609	13270.27148	2950
486635	5138615	-16791.42481	21161.94727	2950
486635	5158615	-19677.23682	25133.45898	2950
486635	5178615	-24207.42614	20353.86914	2950
486635	5198615	-27179.81445	12855.21875	2950
486635	5218615	-23951.15844	11467.02734	2950
486635	5238615	-22757.31262	9525.333984	2950
486635	5258615	-22034.99237	7893.484375	2800
486635	5278615	-20034.17484	7954.132813	2800
486635	5298615	-18739.91843	7836.853516	2800
486635	5318615	-19688.25312	6078.525391	2800
486635	5338615	-19986.12018	5448.869141	2800
486635	5358615	-18086.57904	7421.40625	2800
486635	5378615	-18535.88626	7149.373047	2800
486635	5398615	-20512.85478	5404.783203	2800
486635	5418615	-22640.54426	3532.03125	2800
486635	5438615	-21785.8249	4542.585938	2920
486635	5458615	-19450.69825	6792.439453	2920
486635	5478615	-17953.61519	8002.880859	2920
486635	5498615	-16027.68435	9649.788086	2920
506635	4898615	-13229.95063	9407.00293	2750
506635	4918615	-16956.2562	10116.82031	2950
506635	4938615	-19382.91047	12440.2207	2950
506635	4958615	-20368.2937	17348.05273	2950
506635	4978615	-21828.1214	20635.5332	2950
506635	4998615	-22705.79342	20537.93555	2950
506635	5018615	-21971.98903	18477.13477	2950
506635	5038615	-20081.8458	18258.48047	2950
506635	5058615	-18312.72467	17772.82813	2950
506635	5078615	-16621.24097	12591.51367	2950
506635	5098615	-15974.98218	10315.07422	2950
506635	5118615	-16354.89539	16856.04688	2950
506635	5138615	-18895.53754	23903.86523	2950
506635	5158615	-21026.5968	26254.22852	2950
506635	5178615	-24732.82263	21106.74609	2950
506635	5198615	-27247.30091	14024.21289	2950
506635	5218615	-24041.45514	12872.72266	2950
506635	5238615	-23311.7345	10288.23633	2950
506635	5258615	-23189.02094	7778.621094	2950
506635	5278615	-22397.61121	6307.753906	2800
506635	5298615	-21244.51459	5806.085938	2800
506635	5318615	-20427.2948	5637.660156	2800
506635	5338615	-19612.13031	6070.6875	2800
506635	5358615	-19148.9563	6636.167969	2800
506635	5378615	-20224.46388	5758.632813	2800
506635	5398615	-21879.08381	4305.185547	2800
506635	5418615	-22871.06059	3499.605469	2800
506635	5438615	-22400.76777	4086.298828	2920
506635	5458615	-21910.91236	4547.625	2920
506635	5478615	-19791.7847	6493.169922	2920
506635	5498615	-16673.99957	9467.984375	2920
526635	4898615	-14147.96997	7522.991211	2750
526635	4918615	-18504.01721	7199.195313	2950
526635	4938615	-22175.32281	10254.31445	2950
526635	4958615	-24510.0708	13834.54883	2950
526635	4978615	-23849.02557	17369.03516	2950
526635	4998615	-23759.07813	16212.91211	2950
526635	5018615	-23536.75264	12481.85156	2950
526635	5038615	-21543.81469	13509.88281	2950
526635	5058615	-16595.00974	19622.39844	2950
526635	5078615	-15690.89215	17867.56641	2950
526635	5098615	-19052.07215	14097.98438	2950
526635	5118615	-18825.42364	21731.72266	2950
526635	5138615	-20283.17591	28520.62695	2950
526635	5158615	-21884.64783	29122.49414	2950
526635	5178615	-25243.54883	22289.91016	2950
526635	5198615	-27043.95947	15330.84961	2950
526635	5218615	-24436.93494	13991.75391	2950
526635	5238615	-23426.02503	11530.34375	2950
526635	5258615	-23423.68519	8591.527344	2950
526635	5278615	-23318.25232	6093.429688	2800
526635	5298615	-22468.80163	5067.947266	2800
526635	5318615	-21901.41803	4533.439453	2800
526635	5338615	-20924.97986	5054.839844	2800
526635	5358615	-21152.38702	4845.806641	2800
526635	5378615	-21819.47729	4328.728516	2800
526635	5398615	-22503.05037	3864.960938	2800
526635	5418615	-22727.1586	3840.255859	2800
526635	5438615	-22320.94208	4399.767578	2920
526635	5458615	-22574.06146	4245.042969	2920
526635	5478615	-22738.12215	4130.523438	2920
526635	5498615	-20106.20725	6843.859375	2920
546635	4898615	-14753.78668	7772.280273	2750
546635	4918615	-18653.17597	7753.753906	2950
546635	4938615	-23429.61884	10553.21875	2950
546635	4958615	-26320.69367	12692.53516	2950
546635	4978615	-23936.3028	15727.91406	2950
546635	4998615	-23144.207	13623.83789	2950
546635	5018615	-22246.49023	9737.791016	2950
546635	5038615	-22007.59011	9108.916016	2950
546635	5058615	-17901.80509	15913.05273	2950
546635	5078615	-17512.33088	19245.89063	2950
546635	5098615	-20727.67175	20106.29883	2950
546635	5118615	-20332.59058	25286.00391	2950
546635	5138615	-21303.90625	29266.56836	2950
546635	5158615	-22283.1106	29387.53906	2950
546635	5178615	-26497.92956	22715.29102	2950
546635	5198615	-29351.49451	15022.84961	2950
546635	5218615	-26665.22497	13245.63086	2950
546635	5238615	-24070.22852	12072.56641	2950
546635	5258615	-23238.76038	9709.501953	2950
546635	5278615	-23107.27909	7088.130859	2950
546635	5298615	-22426.65565	5777.240234	2800
546635	5318615	-23032.49653	4006.191406	2800
546635	5338615	-23537.56528	2932.71875	2800
546635	5358615	-23514.73761	2712.115234	2800
546635	5378615	-23180.1712	2989.289063	2800
546635	5398615	-22637.58728	3681.013672	2800
546635	5418615	-22131.74701	4486.300781	2800
546635	5438615	-22008.1499	4884.195313	2920
546635	5458615	-21795.24489	5306.310547	2920
546635	5478615	-21519.43017	5742.242188	2920
546635	5498615	-21147.49435	6294.898438	2920
566635	4898615	-16139.53366	7853.923828	2750
566635	4918615	-17367.98645	11505.73633	2750
566635	4938615	-22503.46674	14599.36523	2750
566635	4958615	-24908.41388	15014.62109	2750
566635	4978615	-25802.36366	11545.55469	2750
566635	4998615	-25694.15948	7990.003906	2950
566635	5018615	-21152.43168	8663.556641	2950
566635	5038615	-21857.22074	6832.056641	2950
566635	5058615	-17958.1777	14439.75391	2950
566635	5078615	-17819.73773	20779.57422	2950
566635	5098615	-21195.34118	23958.64063	2950
566635	5118615	-21223.96033	27456.41992	2950
566635	5138615	-21794.04419	29345.32031	2950
566635	5158615	-22173.98731	29632.10352	2950
566635	5178615	-26383.98193	23658.10156	2950
566635	5198615	-29035.88794	16909.90234	2950
566635	5218615	-26609.10082	14681.07617	2950
566635	5238615	-23656.09107	13654.14453	2950
566635	5258615	-22890.27902	11091.30078	2950
566635	5278615	-22805.17243	8373.419922	2950
566635	5298615	-21812.22089	7341.853516	2800
566635	5318615	-21629.85614	6316.150391	2800
566635	5338615	-21595.68036	5596.75	2800
566635	5358615	-21469.38354	5252.621094	2800
566635	5378615	-21396.59375	5060.072266	2800
566635	5398615	-20762.11368	5731.367188	2800
566635	5418615	-19136.58219	7652.162109	2800
566635	5438615	-17677.98159	9442.496094	2800
566635	5458615	-16066.10364	11325.62207	2920
566635	5478615	-13786.49869	13840.81934	2920
566635	5498615	-16578.24912	11310.32227	2920
586635	4898615	-18979.38938	7071.753906	3040
586635	4918615	-17992.72913	13822.13477	2750
586635	4938615	-22018.37158	18594.63281	2750
586635	4958615	-23431.04532	17702.74414	2750
586635	4978615	-24168.88317	11640.83594	2750
586635	4998615	-21726.31	10078.29102	2750
586635	5018615	-21569.82248	7767.796875	2750
586635	5038615	-21841.65648	6068.146484	2950
586635	5058615	-21523.81763	9846.001953	2950
586635	5078615	-21091.92151	16868.16016	2950
586635	5098615	-21283.88538	23847.96289	2950
586635	5118615	-21320.2074	28070.99219	2950
586635	5138615	-22156.07544	29566.64063	2950
586635	5158615	-22316.12745	30099.24609	2950
586635	5178615	-24337.70435	26321.91406	2950
586635	5198615	-26463.17188	20286.7793	2950
586635	5218615	-27067.77613	15449.30664	2950
586635	5238615	-23900.03577	14838.73828	2950
586635	5258615	-22715.60718	12704.97656	2950
586635	5278615	-22205.62281	10363.64844	2950
586635	5298615	-20992.86029	9441.972656	2800
586635	5318615	-19895.02216	9132.511719	2800
586635	5338615	-18991.06464	9086.636719	2800
586635	5358615	-18186.15387	9310.617188	2800
586635	5378615	-17870.56403	9279.494141	2800
586635	5398615	-17705.16205	9353.720703	2800
586635	5418615	-15712.43112	11479.35742	2800
586635	5438615	-12762.21896	14681.6377	2800
586635	5458615	-13833.92099	13923.00293	2800
586635	5478615	-12970.00293	15147.60059	2920
586635	5498615	-13940.07117	14553.29395	2920
606635	4898615	-18509.74268	10168.5918	3040
606635	4918615	-22506.46265	12214.97656	2750
606635	4938615	-23387.06869	19113.0332	2750
606635	4958615	-24047.55317	18178.74805	2750
606635	4978615	-23669.56302	13234.71484	2750
606635	4998615	-21589.59388	10634.80469	2750
606635	5018615	-21792.26979	7869.363281	2750
606635	5038615	-21872.56178	6779.048828	2950
606635	5058615	-21352.08582	9420.908203	2950
606635	5078615	-21183.90113	14202.33008	2950
606635	5098615	-23827.38135	18254.56055	2950
606635	5118615	-24718.87915	23379.73438	2950
606635	5138615	-23318.0531	28456.79492	2950
606635	5158615	-22791.47022	29788.09766	2950
606635	5178615	-23638.65601	27391.25586	2950
606635	5198615	-27179.77259	20260.69727	2950
606635	5218615	-28298.69288	15204.39063	2950
606635	5238615	-25681.44982	14590.53125	2950
606635	5258615	-24013.10571	13141.57617	2950
606635	5278615	-22197.67999	12035.19336	2950
606635	5298615	-20760.07752	10942.87109	2950
606635	5318615	-19479.73614	10462.01563	2800
606635	5338615	-18843.98371	10112.01563	2800
606635	5358615	-17679.2222	10617.98242	2800
606635	5378615	-17060.10499	10842.48438	2800
606635	5398615	-17307.08197	10440.20703	2800
606635	5418615	-15853.04262	11849.11133	2800
606635	5438615	-12047.11582	15774.14356	2800
606635	5458615	-13625.17133	14559.96484	2800
606635	5478615	-15482.98266	13198.11035	2800
606635	5498615	-14211.87815	14926.86133	2920
626635	4898615	-20457.35315	9084.994141	3040
626635	4918615	-25522.50785	10887.19531	2750
626635	4938615	-25806.31681	16446.68359	2750
626635	4958615	-25488.86329	15760.51172	2750
626635	4978615	-25242.26993	11078.93359	2750
626635	4998615	-22019.54497	10609.83008	2750
626635	5018615	-21768.79401	9461.466797	2750
626635	5038615	-21366.54383	9545.880859	2750
626635	5058615	-21127.99063	10739.48242	2950
626635	5078615	-20808.65052	14484.20703	2950
626635	5098615	-21973.18433	19623.75977	2950
626635	5118615	-21973.58411	26008.64453	2950
626635	5138615	-21249.01709	30686.02344	2950
626635	5158615	-21658.88355	30848.94922	2950
626635	5178615	-23294.50879	27811.42969	2950
626635	5198615	-27741.89136	20354.92969	2950
626635	5218615	-28485.19275	16110.74219	2950
626635	5238615	-27742.35901	13418.16602	2950
626635	5258615	-25656.9723	12195.9375	2950
626635	5278615	-22938.69696	11913.50781	2950
626635	5298615	-20218.84918	12257.52148	2950
626635	5318615	-19979.86365	10951.2168	2800
626635	5338615	-20637.44397	9231.898438	2800
626635	5358615	-20598.9509	8271.552734	2800
626635	5378615	-20517.65079	7762.027344	2800
626635	5398615	-20016.68213	8102.089844	2800
626635	5418615	-17057.78232	11033.20117	2800
626635	5438615	-14417.13559	13746.91895	2800
626635	5458615	-14479.54199	13939.1416	2800
626635	5478615	-14815.99154	14105.50586	2800
626635	5498615	-13835.97412	15575.36328	2800
646635	4898615	-23933.1015	6650.158203	3040
646635	4918615	-26761.48163	11530.89063	2750
646635	4938615	-26628.64491	15585.1875	2750
646635	4958615	-27354.72987	12687.71484	2750
646635	4978615	-26479.38298	8860.019531	2750
646635	4998615	-23090.13498	9000.064453	2750
646635	5018615	-21896.41871	8527.806641	2750
646635	5038615	-21009.5577	7768.591797	2750
646635	5058615	-20915.81525	8802.300781	2950
646635	5078615	-22668.61139	11239.8125	2950
646635	5098615	-23847.15643	16741.97461	2950
646635	5118615	-21939.36987	24993.74805	2950
646635	5138615	-22127.21936	29079.48047	2950
646635	5158615	-22070.25562	30027.23047	2950
646635	5178615	-23124.50977	27763.64844	2950
646635	5198615	-26920.94531	21505.94727	2950
646635	5218615	-27489.42114	18012.33789	2950
646635	5238615	-26134.45203	15951.70508	2950
646635	5258615	-24325.14368	14311.16211	2950
646635	5278615	-22662.18139	12823.66406	2950
646635	5298615	-19977.59571	13036.88672	2950
646635	5318615	-19340.15033	12227.21289	2950
646635	5338615	-19802.93286	10693.99414	2800
646635	5358615	-19813.39315	9569.011719	2800
646635	5378615	-19823.76377	8810.589844	2800
646635	5398615	-19264.39811	9135.505859	2800
646635	5418615	-17476.87653	10878.91211	2800
646635	5438615	-16090.24155	12290.16211	2800
646635	5458615	-15522.62396	12952.94043	2800
646635	5478615	-14864.92178	14003.33398	2800
646635	5498615	-14013.11658	15323.44531	2800
666635	4898615	-26171.14703	6766.992188	3040
666635	4918615	-24691.50571	16201.64453	3040
666635	4938615	-26404.52474	15766.28906	3040
666635	4958615	-26593.55275	12557.64063	3040
666635	4978615	-23040.44173	11800.75391	2750
666635	4998615	-23450.32605	7802.716797	2750
666635	5018615	-21944.67417	6588.708984	2750
666635	5038615	-20697.05422	6363.375	2750
666635	5058615	-20289.2904	7407.734375	2750
666635	5078615	-21643.40882	9517.759766	2950
666635	5098615	-23315.0359	15389.97852	2950
666635	5118615	-23640.323	21137.0293	2950
666635	5138615	-23234.03833	25753.73633	2950
666635	5158615	-23059.05103	27917.04492	2950
666635	5178615	-25275.90954	25124.2207	2950
666635	5198615	-27714.49658	20713.88477	2950
666635	5218615	-26977.56738	18951.39453	2950
666635	5238615	-25745.0575	17282.82617	2950
666635	5258615	-23971.47913	15715.69336	2950
666635	5278615	-23022.94031	13359.83008	2950
666635	5298615	-20283.41034	13345.7793	2950
666635	5318615	-18797.5553	13108.25977	2950
666635	5338615	-19465.27038	11426.69531	2800
666635	5358615	-19659.0773	10278.18359	2800
666635	5378615	-19800.40973	9366.003906	2800
666635	5398615	-19310.18559	9463.388672	2800
666635	5418615	-18092.04501	10542.85352	2800
666635	5438615	-17001.54413	11537.13086	2800
666635	5458615	-16259.40192	12203.10156	2800
666635	5478615	-15619.99875	13132.29199	2800
666635	5498615	-14825.49671	14370.3457	2800
686635	4898615	-24331.60474	12977.67578	3040
686635	4918615	-25624.63631	17032.55273	3040
686635	4938615	-26329.2905	15533.37109	3040
686635	4958615	-26335.80192	12042.88477	3040
686635	4978615	-22856.0902	11336.20117	3040
686635	4998615	-23386.23296	5774.746094	2750
686635	5018615	-21956.1082	4577.1875	2750
686635	5038615	-20743.20074	4861.916016	2750
686635	5058615	-20343.14334	6472.423828	2750
686635	5078615	-20652.65369	10083.7207	2950
686635	5098615	-22394.57703	16233.82422	2950
686635	5118615	-23448.48035	19840.06836	2950
686635	5138615	-23265.48547	23096.33984	2950
686635	5158615	-22805.12256	26139.19141	2950
686635	5178615	-24596.9773	25186.83984	2950
686635	5198615	-26653.84693	21530.98633	2950
686635	5218615	-27233.52539	18415.89063	2950
686635	5238615	-26698.22326	16579.11914	2950
686635	5258615	-24560.52233	15761.91992	2950
686635	5278615	-22457.00549	14662.03906	2950
686635	5298615	-19403.4646	15045.06445	2950
686635	5318615	-18933.18201	13615.29688	2950
686635	5338615	-20017.51284	11238.81055	2800
686635	5358615	-20094.45035	10316.23438	2800
686635	5378615	-20017.34909	9768.658203	2800
686635	5398615	-19440.45932	9887.484375	2800
686635	5418615	-18425.47284	10527.5918	2800
686635	5438615	-17499.24332	11154.37305	2800
686635	5458615	-16833.94504	11694.47852	2800
686635	5478615	-16388.40313	12378.88477	2800
686635	5498615	-15866.7056	13305.85938	2800
706635	4898615	-25542.0661	16643.31445	3040
706635	4918615	-25990.61258	17148.04883	3040
706635	4938615	-26092.05661	14967.34375	3040
706635	4958615	-26257.69269	11375.04297	3040
706635	4978615	-22852.05717	10625.14844	3040
706635	4998615	-22525.40356	6045.269531	2750
706635	5018615	-21450.96258	4036.576172	2750
706635	5038615	-20673.38392	3973.40625	2750
706635	5058615	-20927.54077	5474.748047	2750
706635	5078615	-21466.11786	10005.55859	2750
706635	5098615	-21852.79901	16921.33594	2950
706635	5118615	-22480.65272	19371.50195	2950
706635	5138615	-21991.9967	22179.38281	2950
706635	5158615	-20836.61341	27024.15234	2950
706635	5178615	-21147.45423	28819.41797	2950
706635	5198615	-25170.53381	22734.70898	2950
706635	5218615	-28081.29541	16489.12695	2950
706635	5238615	-27670.00513	15110.11719	2950
706635	5258615	-25335.4624	15037.01563	2950
706635	5278615	-22123.70246	15357.72461	2950
706635	5298615	-19383.51361	15696.31445	2800
706635	5318615	-19563.75977	13685.47461	2800
706635	5338615	-20035.64786	11613.65234	2800
706635	5358615	-20135.24851	10582.97852	2800
706635	5378615	-20337.24426	9822.912109	2800
706635	5398615	-19655.47317	10139.27734	2800
706635	5418615	-18718.39844	10601.46875	2800
706635	5438615	-17879.81842	11065.69531	2800
706635	5458615	-17194.99692	11682.10352	2800
706635	5478615	-16746.17047	12360.02539	2800
706635	5498615	-16600.43909	12819.64648	2800
726635	4898615	-25698.50732	18528.70898	3040
726635	4918615	-25747.60697	16595.21875	3040
726635	4938615	-26085.77927	13913.04688	3040
726635	4958615	-26303.57704	10739.79102	3040
726635	4978615	-22854.50835	10146.24805	3040
726635	4998615	-22051.81573	6366.238281	2750
726635	5018615	-21373.57371	3710.777344	2750
726635	5038615	-20724.08196	3111.191406	2750
726635	5058615	-20803.42131	4178.169922	2750
726635	5078615	-21516.61169	7642.175781	2750
726635	5098615	-22571.98865	11948.54492	2950
726635	5118615	-22732.76868	15774.60156	2950
726635	5138615	-22521.93067	20653.73633	2950
726635	5158615	-19500.56299	29948.80469	2950
726635	5178615	-20088.95081	31299.37109	2950
726635	5198615	-24490.71876	23240.70898	2950
726635	5218615	-28279.25854	15332.90625	2950
726635	5238615	-27827.74915	14439.41992	2950
726635	5258615	-25541.73718	14866.49609	2800
726635	5278615	-22889.21375	14807.74219	2800
726635	5298615	-20440.11011	14798.77734	2800
726635	5318615	-20063.52033	13421.26563	2800
726635	5338615	-20393.59185	11658.125	2800
726635	5358615	-20654.3421	10176.19922	2800
726635	5378615	-20772.40353	9277.359375	2800
726635	5398615	-19965.05768	9807.203125	2800
726635	5418615	-19001.33887	10693.44141	2800
726635	5438615	-18154.80481	11503.98828	2800
726635	5458615	-17403.89898	12197.38477	2800
726635	5478615	-16954.63052	12766.45703	2800
726635	5498615	-16998.6897	12866.29688	2800
746635	4898615	-25607.95169	18316.80664	3040
746635	4918615	-25661.50352	15853.45508	3040
746635	4938615	-26164.62506	13116.9082	3040
746635	4958615	-26358.28934	10038.48242	3040
746635	4978615	-22949.20863	9767.873047	3040
746635	4998615	-22541.48098	5946.191406	2750
746635	5018615	-21988.10229	3353.398438	2750
746635	5038615	-20739.87397	3078.332031	2750
746635	5058615	-20516.23353	3966.398438	2750
746635	5078615	-20933.65544	6240.541016	2750
746635	5098615	-22103.98065	9260.814453	2750
746635	5118615	-23925.07081	11968.66602	2950
746635	5138615	-22014.75659	20039.125	2950
746635	5158615	-20701.93994	28385.4668	2950
746635	5178615	-21099.0448	29630.85938	2950
746635	5198615	-23855.59839	23243.40625	2950
746635	5218615	-26625.93774	16775.26953	2950
746635	5238615	-26724.29181	15696.69141	2800
746635	5258615	-25080.78394	15609.78906	2800
746635	5278615	-22732.80982	15324.24414	2800
746635	5298615	-20334.1018	15288.14844	2800
746635	5318615	-20005.54364	13877.83203	2800
746635	5338615	-20613.53958	11849.34766	2800
746635	5358615	-20394.62951	10713.87305	2800
746635	5378615	-20377.42893	9856.123047	2800
746635	5398615	-19825.72211	10200.36328	2800
746635	5418615	-19259.35446	11075.51172	2800
746635	5438615	-18576.42752	12080.95508	2800
746635	5458615	-17935.36524	12829.79883	2800
746635	5478615	-17380.8334	13295.35352	2800
746635	5498615	-17092.0639	13455.07422	2800
766635	4898615	-25488.0792	16847.07422	3040
766635	4918615	-25830.40761	15068.56641	3040
766635	4938615	-26204.24177	12532.23633	3040
766635	4958615	-23356.72013	12410.33594	3040
766635	4978615	-23048.7184	9377.650391	3040
766635	4998615	-22875.84041	5730.154297	2750
766635	5018615	-22380.05101	3856.453125	2750
766635	5038615	-21278.12714	3568.890625	2750
766635	5058615	-21415.41836	3479.271484	2750
766635	5078615	-21977.3575	4432.835938	2750
766635	5098615	-24632.17386	5018.115234	2750
766635	5118615	-22889.81665	10572.66211	2950
766635	5138615	-21747.09461	17090.0293	2950
766635	5158615	-20555.21729	23775.70313	2950
766635	5178615	-20808.83472	25726.70508	2950
766635	5198615	-23559.09058	22033.39453	2950
766635	5218615	-25395.61646	18727.56055	2950
766635	5238615	-25893.67377	17526.44727	2800
766635	5258615	-24844.96302	16566.30273	2800
766635	5278615	-23080.15955	15519.90234	2800
766635	5298615	-20927.56018	15309.11133	2800
766635	5318615	-19780.52636	14763.74805	2800
766635	5338615	-20130.53012	12870.35742	2800
766635	5358615	-19929.8049	11972.45313	2800
766635	5378615	-19933.11297	11465.5918	2800
766635	5398615	-19981.75471	11452.0625	2800
766635	5418615	-19858.349	11772.99023	2800
766635	5438615	-19446.57165	12399.80078	2800
766635	5458615	-18940.53975	13136.26367	2800
766635	5478615	-18322.4199	13598.70117	2800
766635	5498615	-17293.38117	14276.08398	2800
786635	4898615	-25361.52303	16084.54492	3040
786635	4918615	-25983.62461	14225.13867	3040
786635	4938615	-26205.87233	11723.15625	3040
786635	4958615	-23297.00364	11690.81836	3040
786635	4978615	-23190.20069	8871.982422	3040
786635	4998615	-22937.83059	6622.412109	2750
786635	5018615	-22318.88297	5388.699219	2750
786635	5038615	-21736.41404	4949.472656	2750
786635	5058615	-22075.87009	4437.884766	2750
786635	5078615	-22520.01768	4388.970703	2750
786635	5098615	-23931.90686	4479.935547	2750
786635	5118615	-22849.04923	8454.189453	2750
786635	5138615	-21633.32507	14173.12695	2950
786635	5158615	-19655.04493	20659.75	2950
786635	5178615	-20089.72607	22958.62109	2950
786635	5198615	-24343.09131	20009.35352	2950
786635	5218615	-26123.30665	18793.62695	2800
786635	5238615	-26086.56897	18319.94531	2800
786635	5258615	-25003.55298	17037.2832	2800
786635	5278615	-23695.8191	15294.16797	2800
786635	5298615	-21458.17542	15203.1875	2800
786635	5318615	-20145.81744	14893.03125	2800
786635	5338615	-20333.5167	13122.25977	2800
786635	5358615	-20005.66595	12416.01367	2800
786635	5378615	-20024.30173	12284.86719	2800
786635	5398615	-20273.00623	12443.5625	2800
786635	5418615	-20886.58014	11840.93945	2800
786635	5438615	-21013.4281	11729.75781	2800
786635	5458615	-20593.17184	12499.18359	2800
786635	5478615	-21157.76892	12037.53906	2800
786635	5498615	-22496.09268	10362.22266	2800
806635	4898615	-25279.31785	15594.84766	3040
806635	4918615	-26018.78083	13397.43945	3040
806635	4938615	-26269.60098	10502.95117	3040
806635	4958615	-23322.83696	10527.95313	3040
806635	4978615	-23188.34122	8221.554688	3040
806635	4998615	-22705.79228	7309.630859	2750
806635	5018615	-21985.11796	7053.125	2750
806635	5038615	-22246.87342	6308.837891	2750
806635	5058615	-22634.19919	6275.310547	2750
806635	5078615	-23032.67152	5508.316406	2750
806635	5098615	-23965.78328	4863.611328	2750
806635	5118615	-23449.6933	8190.253906	2750
806635	5138615	-22669.72882	13254.13281	2950
806635	5158615	-21028.19193	19266.94336	2950
806635	5178615	-21614.02967	21022.03516	2950
806635	5198615	-25204.57898	19101.25195	2950
806635	5218615	-26375.34265	19193.29688	2800
806635	5238615	-26185.88122	18650.40625	2800
806635	5258615	-25045.31824	17185.45117	2800
806635	5278615	-23859.81129	15400.4375	2800
806635	5298615	-21954.10541	15118.37891	2800
806635	5318615	-20629.55639	15008.13477	2800
806635	5338615	-20368.06174	13579.25	2800
806635	5358615	-20070.75461	12365.3125	2800
806635	5378615	-20251.89664	11850.7168	2800
806635	5398615	-20950.79306	11609.29688	2800
806635	5418615	-22172.2832	10724.82617	2800
806635	5438615	-23439.29831	9889.298828	2800
806635	5458615	-23150.8833	10872.39258	2800
806635	5478615	-24365.362	10167.03516	2800
806635	5498615	-26569.98682	7716.261719	2800
826635	4898615	-25328.88437	15324.75391	3040
826635	4918615	-26078.23397	12761.8457	3040
826635	4938615	-23379.36865	12401.03906	3040
826635	4958615	-23328.39148	9404.105469	3040
826635	4978615	-23173.21169	7479.355469	3040
826635	4998615	-22692.52068	7437.408203	3040
826635	5018615	-22252.18927	7914.617188	2750
826635	5038615	-23017.64281	6790.357422	2750
826635	5058615	-23590.85739	7491.050781	2750
826635	5078615	-24016.62578	7164.529297	2750
826635	5098615	-24111.29138	7048.175781	2750
826635	5118615	-23999.24867	9330.017578	2750
826635	5138615	-23528.28088	13449.24219	2950
826635	5158615	-22147.23292	19013.21094	2950
826635	5178615	-21968.49726	21277.23633	2950
826635	5198615	-24557.0968	20175.18555	2800
826635	5218615	-25879.25611	20183.91211	2800
826635	5238615	-25712.05689	19402.72852	2800
826635	5258615	-24774.01704	17740.45117	2800
826635	5278615	-23738.50714	16054.05859	2800
826635	5298615	-22028.59308	15844.60938	2800
826635	5318615	-21004.69428	15606.56836	2800
826635	5338615	-20470.06586	14440.21094	2800
826635	5358615	-20179.4538	12919.43359	2800
826635	5378615	-20340.00745	12158.14648	2800
826635	5398615	-21230.53577	11564.26367	2800
826635	5418615	-23202.70716	10161.33594	2800
826635	5438615	-25480.39642	8663.970703	2800
826635	5458615	-24082.55323	10964.99609	2800
826635	5478615	-23560.08569	12092.47266	2800
826635	5498615	-24907.46128	10470.99414	2800
846635	4898615	-25487.02087	15194.78516	3040
846635	4918615	-26211.46632	12409.8125	3040
846635	4938615	-23496.77542	11879.73828	3040
846635	4958615	-23295.566	8799.583984	3040
846635	4978615	-23042.36791	6911.748047	3040
846635	4998615	-22703.08688	7044.763672	3040
846635	5018615	-22303.29203	8517.576172	3040
846635	5038615	-23098.1233	8413.253906	2750
846635	5058615	-24699.32638	8175.080078	2750
846635	5078615	-25199.58514	9017.666016	2750
846635	5098615	-24146.7085	10909.38672	2750
846635	5118615	-24256.93036	11075.41406	2750
846635	5138615	-23419.6117	13371.39453	2950
846635	5158615	-21766.1261	17627.41211	2950
846635	5178615	-20808.27832	21624.77148	2950
846635	5198615	-23121.90162	21663.09375	2800
846635	5218615	-25764.93737	20519.08594	2800
846635	5238615	-26037.95373	19605.71289	2800
846635	5258615	-24549.35278	18758.41992	2800
846635	5278615	-23307.8003	17553.27734	2800
846635	5298615	-22085.00543	17007.02148	2800
846635	5318615	-21246.34525	16701.72461	2800
846635	5338615	-20613.60068	15937.62695	2800
846635	5358615	-20278.72144	15121.61523	2800
846635	5378615	-20383.70208	14441.70703	2800
846635	5398615	-21202.30221	13587.57617	2800
846635	5418615	-23227.29627	11730.26953	2800
846635	5438615	-25583.5484	9895.513672	2800
846635	5458615	-23468.13468	12638.88477	2800
846635	5478615	-22563.68417	13587.97461	2800
846635	5498615	-22628.89603	13024.17383	2800
866635	4898615	-25683.31214	14494.94336	3040
866635	4918615	-26376.33777	11372.48047	3040
866635	4938615	-23643.97384	11050.35547	3040
866635	4958615	-23257.27703	8089.490234	3040
866635	4978615	-22967.25474	6016.205078	3040
866635	4998615	-22761.80561	6394.638672	3040
866635	5018615	-22236.81204	9534.912109	3040
866635	5038615	-23329.1136	10908.36914	3040
866635	5058615	-25236.51176	10633.82227	3040
866635	5078615	-24970.13943	11985.67383	2750
866635	5098615	-24381.46304	13319.63477	2750
866635	5118615	-24445.24836	13242.96094	2950
866635	5138615	-23150.86719	14143.56836	2950
866635	5158615	-20667.59473	16001.61914	2950
866635	5178615	-19254.45477	19815.13477	2800
866635	5198615	-21957.87671	20972.4707	2800
866635	5218615	-25731.20777	19868.85352	2800
866635	5238615	-25774.62512	19622.19922	2800
866635	5258615	-23841.47974	19664.94922	2800
866635	5278615	-22810.50733	18601.17578	2800
866635	5298615	-22218.69232	17511.97461	2800
866635	5318615	-21491.60113	17000.28516	2800
866635	5338615	-20871.90558	16389.60156	2800
866635	5358615	-20535.22796	15760.74609	2800
866635	5378615	-20794.5087	14941.04883	2800
866635	5398615	-22038.77716	13627.88672	2800
866635	5418615	-24170.73401	11756.75781	2800
866635	5438615	-25964.42392	10433.65039	2800
866635	5458615	-23357.13112	13357.46875	2800
866635	5478615	-21644.13614	14641.39844	2800
866635	5498615	-21393.43866	14127.87695	2800
886635	4898615	-25865.75081	12847.40234	3040
886635	4918615	-23579.11255	12647.23633	3040
886635	4938615	-23841.21182	10226.78125	3040
886635	4958615	-23377.02019	8387.945313	3040
886635	4978615	-22970.08518	7216.919922	3040
886635	4998615	-22904.10837	7976.222656	3040
886635	5018615	-22346.40341	11412.94531	3040
886635	5038615	-23442.43445	13534.99023	3040
886635	5058615	-24699.00885	13850.72852	3040
886635	5078615	-24367.71289	14471.66016	3040
886635	5098615	-24364.89996	14593.2168	3040
886635	5118615	-23985.18817	15713.26758	2950
886635	5138615	-22870.73425	15729.16992	2950
886635	5158615	-21428.53986	13593.16602	2950
886635	5178615	-20906.27686	15051.52734	2800
886635	5198615	-22369.448	17690.56055	2800
886635	5218615	-24233.73108	18943.10742	2800
886635	5238615	-24184.97364	18896.24023	2800
886635	5258615	-23174.78015	19054.16016	2800
886635	5278615	-22887.33521	18341.61328	2800
886635	5298615	-22436.39233	17303.09961	2800
886635	5318615	-21831.97589	16361.07813	2800
886635	5338615	-21317.41254	15667.79883	2800
886635	5358615	-20962.81198	14774.90625	2800
886635	5378615	-21020.23856	14033.17383	2800
886635	5398615	-22125.90085	13079.66797	2800
886635	5418615	-26207.14438	9695.925781	2800
886635	5438615	-27222.0675	9369.330078	2800
886635	5458615	-24346.88666	12469.38672	2800
886635	5478615	-22276.89688	13869.82813	2800
886635	5498615	-21771.98398	13515.82813	2800
906635	4898615	-23055.83668	13544.01172	3040
906635	4918615	-23809.18472	11252.80078	3040
906635	4938615	-24095.38796	10776.75391	3040
906635	4958615	-23770.12035	11290.43164	3040
906635	4978615	-23559.33878	11756.53711	3040
906635	4998615	-24138.59687	11664.6543	3040
906635	5018615	-24385.83299	12203.16406	3040
906635	5038615	-23604.69147	14219.08789	3040
906635	5058615	-24489.83979	14445.87109	3040
906635	5078615	-24555.79517	14809.61328	3040
906635	5098615	-24320.28742	15741.05469	3040
906635	5118615	-23774.4286	17003.48438	3040
906635	5138615	-22968.07312	16404.42969	2950
906635	5158615	-22183.73786	13084.00586	2800
906635	5178615	-21960.48932	13391.12695	2800
906635	5198615	-22538.07788	14588.32422	2800
906635	5218615	-23237.36298	15009.77344	2800
906635	5238615	-23236.4458	15159.91406	2800
906635	5258615	-23344.75537	15847.93945	2800
906635	5278615	-23062.63819	16738.16211	2800
906635	5298615	-22665.72425	16268.00195	2800
906635	5318615	-22296.9159	15066.38477	2800
906635	5338615	-21948.42874	14659.59375	2800
906635	5358615	-21908.40718	13754.32031	2800
906635	5378615	-22464.51024	12716.08203	2800
906635	5398615	-23815.16659	11499.89453	2800
906635	5418615	-27554.75535	8358.583984	2800
906635	5438615	-29066.51587	7310.896484	2800
906635	5458615	-27306.40161	9111.761719	2800
906635	5478615	-25578.64168	10096.75977	2800
906635	5498615	-25375.1542	9575.056641	2800
926635	4898615	-23267.4016	11840.5957	3040
926635	4918615	-24055.90501	11040.29102	3040
926635	4938615	-24407.94848	11628.4043	3040
926635	4958615	-24292.11648	12793.74805	3040
926635	4978615	-24303.55554	13395.41406	3040
926635	4998615	-25555.8093	12554.71875	3040
926635	5018615	-26363.37402	12022.33008	3040
926635	5038615	-24707.71245	14102.78125	3040
926635	5058615	-24814.46691	14459.27734	3040
926635	5078615	-24623.76972	14460.23633	3040
926635	5098615	-24328.35095	15203.50391	3040
926635	5118615	-23780.66814	17282.25195	3040
926635	5138615	-23131.07123	16900.71289	2950
926635	5158615	-22580.32996	12485.91211	2800
926635	5178615	-22367.70733	9624.109375	2800
926635	5198615	-22530.13434	8958.587891	2800
926635	5218615	-22786.43458	9572.736328	2800
926635	5238615	-23015.23981	11163.66992	2800
926635	5258615	-23171.15552	12752.55859	2800
926635	5278615	-23088.55774	13933.59766	2800
926635	5298615	-22902.49353	14101.00586	2800
926635	5318615	-22714.11377	13520.04688	2800
926635	5338615	-22501.6037	13337.10352	2800
926635	5358615	-22523.38418	12973.9707	2800
926635	5378615	-23001.85731	12606.93945	2800
926635	5398615	-24064.22736	11814.54492	2800
926635	5418615	-26605.81491	9237.625	2800
926635	5438615	-27058.93034	8558.904297	2800
926635	5458615	-25381.01224	9921.669922	2800
926635	5478615	-25501.74821	9406.841797	2800
926635	5498615	-28047.65616	6604.746094	2800
