# These data are freely available under the Creative Commons Attribution 4.0 International Licence (CC BY 4.0)					
# when using the data please cite as: 					
# Spooner, Cameron; Scheck-Wenderoth, Magdalena; Götze, Hans-Jürgen; Ebbing, Jörg; Hetényi, György (2019): 3D Gravity Constrained Model of Density Distribution Across the Alpine Lithosphere. GFZ Data Services. http://doi.org/10.5880/GFZ.4.5.2019.004
X COORD (UTM Zone 32N)	Y COORD (UTM Zone 32N)	TOP (m.a.s.l)	THICKNESS (m)	DENSITY (Kg/m3)
286635	4898615	-1514.68982	16104.74512	2670
286635	4918615	-1840.481202	16522.56445	2670
286635	4938615	-1919.631837	17919.99023	2670
286635	4958615	-2013.283692	19434.99219	2670
286635	4978615	-2025.187501	21522.4043	2670
286635	4998615	-2070.266358	22283.41406	2670
286635	5018615	-2030.080201	21740.17188	2670
286635	5038615	-1803.729859	17841.56836	2700
286635	5058615	-2825.579041	14260.35059	2700
286635	5078615	-3197.777711	11642.75781	2700
286635	5098615	-3709.345399	10808.25586	2700
286635	5118615	-4178.16632	10905.10742	2700
286635	5138615	-4343.366638	11980.25586	2700
286635	5158615	-4346.673889	12586.51758	2700
286635	5178615	-3374.378297	17323.29297	2700
286635	5198615	-1962.241517	21428.46094	2700
286635	5218615	-2084.15802	20889.64258	2700
286635	5238615	-1647.060486	20676.72656	2700
286635	5258615	-1001.679306	20821.98633	2700
286635	5278615	-592.648041	20531.63281	2700
286635	5298615	-163.867447	20591.64063	2700
286635	5318615	-68.884598	20559.03711	2700
286635	5338615	-477.872192	20176.78711	2700
286635	5358615	-765.220764	19854.89453	2700
286635	5378615	-918.623214	19944.60547	2670
286635	5398615	-968.359237	20858.32227	2670
286635	5418615	-1026.062453	21312.18359	2670
286635	5438615	-1165.338745	19599.84961	2670
286635	5458615	-1065.846055	16412.55664	2670
286635	5478615	-790.786957	13809.28613	2670
286635	5498615	-744.473541	12071.75977	2670
306635	4898615	305.849852	18840.64063	2670
306635	4918615	89.356688	19773.53516	2670
306635	4938615	117.445678	21681.22461	2670
306635	4958615	0.867309	23661.59375	2670
306635	4978615	-195.749513	26270.31641	2670
306635	4998615	-458.322755	26955.93164	2670
306635	5018615	-1031.07251	25155.92969	2670
306635	5038615	-1633.690308	20293.54883	2670
306635	5058615	-2531.010499	14542.55176	2700
306635	5078615	-2811.914795	12011.53223	2700
306635	5098615	-3358.686768	11314.74902	2700
306635	5118615	-3873.546937	10637.64258	2700
306635	5138615	-4255.880097	10696.61328	2700
306635	5158615	-4499.682526	12116.73535	2700
306635	5178615	-3464.906434	17475.49805	2700
306635	5198615	-1929.369446	22089.81445	2700
306635	5218615	-2153.758301	20203.67383	2700
306635	5238615	-1871.18216	19464.78516	2700
306635	5258615	-1087.117127	19549.3418	2700
306635	5278615	-529.012374	19433.09766	2700
306635	5298615	-67.035583	19637.51563	2700
306635	5318615	41.65567	19745.18164	2700
306635	5338615	-506.369537	19295.99023	2700
306635	5358615	-859.802536	18679.41406	2700
306635	5378615	-1005.910569	18515.35352	2670
306635	5398615	-1207.591385	19836.30273	2670
306635	5418615	-1321.031891	20491.0918	2670
306635	5438615	-1488.750351	18545.14844	2670
306635	5458615	-1481.732361	14921.46582	2670
306635	5478615	-862.531784	13376.23926	2670
306635	5498615	-419.899765	13374.79981	2670
326635	4898615	1493.213501	20095.54883	2670
326635	4918615	1658.911498	23192.39258	2670
326635	4938615	1749.030762	25777.3457	2670
326635	4958615	1645.081176	28205.75586	2670
326635	4978615	1424.691406	30980.84961	2670
326635	4998615	991.106933	31322.7207	2670
326635	5018615	92.800048	28481.51563	2670
326635	5038615	-1312.477052	23136.05078	2670
326635	5058615	-2220.18921	17690.32422	2670
326635	5078615	-2425.866211	12233.43555	2700
326635	5098615	-3254.545533	11279.14551	2700
326635	5118615	-3817.631592	10438.26074	2700
326635	5138615	-4216.220826	10756.32227	2700
326635	5158615	-4576.936097	11910.59082	2700
326635	5178615	-3611.615784	17049.14063	2700
326635	5198615	-2110.660217	21930.04492	2700
326635	5218615	-2281.886535	19843.49805	2700
326635	5238615	-2163.3656	18858.15039	2700
326635	5258615	-1139.545807	19031.97656	2700
326635	5278615	-223.11618	19105.22656	2700
326635	5298615	394.182526	19386.83398	2700
326635	5318615	318.462157	19307.89453	2660
326635	5338615	-197.791168	19105.10156	2700
326635	5358615	-778.830841	18442.22852	2700
326635	5378615	-1031.539978	18012.00586	2670
326635	5398615	-1502.687775	19556.35742	2670
326635	5418615	-1739.553817	20397.96484	2670
326635	5438615	-1727.869674	17821.56055	2670
326635	5458615	-1906.745041	13431.59863	2670
326635	5478615	-1124.402679	12668.75586	2670
326635	5498615	149.087144	14511.44531	2670
346635	4898615	1464.994506	20479.91406	2670
346635	4918615	1599.823485	25962.36719	2670
346635	4938615	1579.727905	28892.26367	2790
346635	4958615	1350.597655	29598.59375	2790
346635	4978615	885.869018	30515.82617	2790
346635	4998615	976.86267	31003.67383	2670
346635	5018615	1237.238403	30815.41211	2670
346635	5038615	3.50122	26343.41406	2670
346635	5058615	-1592.21338	20771.10156	2670
346635	5078615	-2164.8584	16058.6543	2670
346635	5098615	-2953.451905	11822.54297	2670
346635	5118615	-3718.715455	10754.29004	2700
346635	5138615	-4174.055786	10782.20703	2700
346635	5158615	-4502.710694	12077.17383	2700
346635	5178615	-3858.078859	16820.45313	2700
346635	5198615	-2700.470214	21110.07227	2700
346635	5218615	-2713.186218	19286.41797	2700
346635	5238615	-2684.571229	17919.58984	2700
346635	5258615	-1697.615417	17800.72852	2700
346635	5278615	-1102.055832	17316.72461	2700
346635	5298615	1.666808	17987.42969	2660
346635	5318615	744.47705	18653.20703	2660
346635	5338615	377.395599	18372.74219	2660
346635	5358615	-116.604874	17789.37109	2700
346635	5378615	-623.571579	17044.46094	2670
346635	5398615	-1428.891128	18111.98828	2670
346635	5418615	-2210.670853	18450.57422	2670
346635	5438615	-2446.785034	14909.78223	2670
346635	5458615	-2632.042831	10490.08106	2670
346635	5478615	-2258.463013	11082.00781	2670
346635	5498615	-742.157105	14332.25684	2670
366635	4898615	1116.114014	20344.3418	2670
366635	4918615	763.466124	23703.49414	2790
366635	4938615	513.499023	23438.91406	2790
366635	4958615	-551.831848	21605.27539	2790
366635	4978615	-1569.822144	20617.92773	2790
366635	4998615	619.560973	23828.28906	2790
366635	5018615	1255.350951	26968.17188	2790
366635	5038615	495.618652	26314.05859	2670
366635	5058615	-64.657716	23984.61328	2670
366635	5078615	-1947.941407	17971.91992	2670
366635	5098615	-2610.000733	12635.75586	2670
366635	5118615	-3489.613526	12043.72363	2700
366635	5138615	-4088.890016	12942.69531	2700
366635	5158615	-4397.348756	14326.02539	2700
366635	5178615	-4115.847229	17793.18164	2700
366635	5198615	-3350.779298	20588.58789	2700
366635	5218615	-3014.847047	18845.88281	2700
366635	5238615	-2841.558168	17466.79688	2660
366635	5258615	-2384.696533	16456.92383	2660
366635	5278615	-2546.983245	14972.80371	2700
366635	5298615	-1799.456543	15295.81152	2660
366635	5318615	-584.316223	16652.01758	2660
366635	5338615	-68.326203	17429.17969	2660
366635	5358615	170.884918	17769.93359	2700
366635	5378615	32.204132	17615.01758	2670
366635	5398615	-888.667191	16812.35547	2670
366635	5418615	-2056.662811	16081.23633	2670
366635	5438615	-3006.881409	12467.4375	2670
366635	5458615	-3439.99939	8795.972656	2670
366635	5478615	-3490.260375	9754.685547	2670
366635	5498615	-2391.119659	13165.13867	2670
386635	4898615	805.440368	26566.14063	2720
386635	4918615	239.215088	17853.13281	2670
386635	4938615	74.912201	15391.65234	2670
386635	4958615	-1384.534698	13505.11816	2670
386635	4978615	-3457.190521	11965.55273	2670
386635	4998615	24.242142	17464.04102	2790
386635	5018615	-1281.31134	19505.4082	2790
386635	5038615	-723.201356	21501.61328	2790
386635	5058615	1191.107788	23786.38281	2670
386635	5078615	-372.822266	21588.69922	2670
386635	5098615	-2273.760254	14108.93457	2670
386635	5118615	-3373.687378	12138.18066	2670
386635	5138615	-3955.288453	13969.97461	2700
386635	5158615	-4347.696046	15231.85645	2700
386635	5178615	-4239.803773	17746.33398	2700
386635	5198615	-3577.943299	20484.33984	2700
386635	5218615	-2594.406525	19329.84375	2700
386635	5238615	-1735.425538	18544.30664	2700
386635	5258615	-1664.664795	16818.15625	2660
386635	5278615	-1896.932556	14959.78027	2660
386635	5298615	-2087.024887	14274.08691	2660
386635	5318615	-2733.402161	14171.96973	2660
386635	5338615	-1758.199737	16219.68945	2660
386635	5358615	-1471.758606	16950.12109	2660
386635	5378615	-1313.68483	17019.51172	2660
386635	5398615	-1453.016869	16052.05859	2670
386635	5418615	-1058.086655	15343.47266	2670
386635	5438615	-1905.939834	13305.02051	2670
386635	5458615	-3088.23996	10874.14258	2670
386635	5478615	-3719.157136	10334.69727	2670
386635	5498615	-3040.899505	12146.30566	2670
406635	4898615	726.99939	21253.66211	2720
406635	4918615	200.387375	19988.94141	2720
406635	4938615	-180.380921	11012.79297	2670
406635	4958615	-2690.187959	8723.347656	2670
406635	4978615	-4376.09787	5841.90625	2670
406635	4998615	-4015.664521	6581.595703	2670
406635	5018615	-5529.41986	7365.892578	2670
406635	5038615	-2983.467529	12611.4043	2790
406635	5058615	116.739013	18902.07422	2670
406635	5078615	1622.244506	24102.14844	2670
406635	5098615	-537.451904	17060.44531	2670
406635	5118615	-2386.113771	13731.81738	2670
406635	5138615	-3357.775757	14057.9375	2700
406635	5158615	-4252.936768	14171.07422	2700
406635	5178615	-4695.031738	17112.64844	2700
406635	5198615	-4187.457398	20137.0293	2700
406635	5218615	-2884.502565	19425.94141	2700
406635	5238615	-878.24057	19632.06055	2700
406635	5258615	-371.857849	18122.16992	2660
406635	5278615	-259.727936	16193.74707	2660
406635	5298615	-270.53296	15281.41309	2660
406635	5318615	-1333.960494	14441.33106	2660
406635	5338615	-1388.27945	15085.99609	2660
406635	5358615	-2099.448792	14851.16504	2660
406635	5378615	-3156.111924	13935.43945	2660
406635	5398615	-3428.311096	13829.45898	2660
406635	5418615	-1218.688538	15835.71094	2670
406635	5438615	-588.609528	15876.38965	2670
406635	5458615	-1430.038406	14453.14453	2670
406635	5478615	-2798.666168	12359.33008	2670
406635	5498615	-3215.181625	11578.79785	2670
426635	4898615	449.798553	17974.72461	2720
426635	4918615	381.693024	16316.67383	2720
426635	4938615	-675.360351	17023.84961	2670
426635	4958615	-3264.621598	12599.28809	2670
426635	4978615	-4049.317918	13787.45898	2670
426635	4998615	-9017.906586	5684.269531	2670
426635	5018615	-8024.02066	2211.723145	2670
426635	5038615	-6242.259705	6441.487793	2670
426635	5058615	-1057.215088	14524.52344	2670
426635	5078615	1356.097656	21164.70703	2670
426635	5098615	1011.191345	19638.82617	2670
426635	5118615	-474.80774	17578.58789	2670
426635	5138615	-2197.551759	15225.59766	2700
426635	5158615	-3971.637696	14627.34473	2700
426635	5178615	-5264.243531	17036.62305	2700
426635	5198615	-5012.39673	19657.33984	2700
426635	5218615	-3232.365052	19394.76953	2700
426635	5238615	-1397.780182	19602.36523	2700
426635	5258615	-311.817566	18921.07422	2660
426635	5278615	446.186889	17651.69336	2660
426635	5298615	738.346374	16602.5	2660
426635	5318615	465.002166	15755.33496	2660
426635	5338615	168.564239	14529.70215	2660
426635	5358615	-266.977783	14430.26074	2660
426635	5378615	-1594.295441	13582.13574	2660
426635	5398615	-3467.959327	13115.68555	2660
426635	5418615	-3368.825271	15169.39453	2670
426635	5438615	-1838.421402	16466.08203	2670
426635	5458615	-972.560699	15761.43652	2670
426635	5478615	-1374.533706	14677.54102	2670
426635	5498615	-1948.306472	14131.55859	2670
446635	4898615	-24.09639	18989.19531	2720
446635	4918615	213.066895	19770.31836	2720
446635	4938615	-501.570923	21563.32617	2720
446635	4958615	-2403.842484	21719.17969	2670
446635	4978615	-4956.618622	21695.34375	2670
446635	4998615	-10760.86282	11970.5	2670
446635	5018615	-7367.573013	8357.371094	2670
446635	5038615	-5464.144745	9545.578125	2670
446635	5058615	149.991639	14635.99609	2670
446635	5078615	682.645751	16197.08789	2670
446635	5098615	522.845886	17081.60547	2670
446635	5118615	539.856751	17699.91602	2670
446635	5138615	-1093.360596	15314.28125	2670
446635	5158615	-3686.969727	14813.21387	2700
446635	5178615	-5883.013428	16243.06445	2700
446635	5198615	-6033.87201	18568.36523	2700
446635	5218615	-3838.217133	19073.11914	2700
446635	5238615	-2171.164734	19630.67188	2700
446635	5258615	-980.974609	19949.71875	2660
446635	5278615	120.979675	18863.53516	2660
446635	5298615	592.265685	17613.7168	2660
446635	5318615	602.997436	17172.50195	2660
446635	5338615	408.668213	16365.6377	2660
446635	5358615	234.984298	15885.80957	2660
446635	5378615	258.253997	15374.54395	2660
446635	5398615	-1088.971268	14787.93164	2660
446635	5418615	-3740.104484	15821.88379	2700
446635	5438615	-4607.075882	15438.0752	2670
446635	5458615	-3343.699653	14043.82031	2670
446635	5478615	-2364.582145	14023.53223	2670
446635	5498615	-2047.835663	14594.90527	2670
466635	4898615	-829.566651	10971.42578	2720
466635	4918615	-105.640244	23663.04688	2720
466635	4938615	-232.605225	20666.33398	2720
466635	4958615	-2447.013665	25049.69531	2670
466635	4978615	-8595.678336	17232.4375	2670
466635	4998615	-10708.14393	12887.25879	2730
466635	5018615	-7427.028831	13371.58496	2730
466635	5038615	-5581.327896	13193.08984	2670
466635	5058615	-2762.31134	13503.45313	2670
466635	5078615	-1202.219513	13370.04981	2670
466635	5098615	-80.7406	14932.87891	2670
466635	5118615	828.253356	16236.41992	2670
466635	5138615	-191.313111	15591.63086	2670
466635	5158615	-3548.084961	14448.06055	2670
466635	5178615	-6760.059815	15054.64844	2700
466635	5198615	-7444.439515	17071.89063	2700
466635	5218615	-4861.882874	18070.68555	2700
466635	5238615	-3018.0542	19247.44922	2700
466635	5258615	-1598.906952	19630.08203	2700
466635	5278615	-582.684631	17664.53125	2660
466635	5298615	39.284636	16920.68164	2660
466635	5318615	193.178588	17831.35156	2660
466635	5338615	57.447571	17438.18945	2660
466635	5358615	-332.708985	16452.60156	2660
466635	5378615	54.718017	16179.49219	2660
466635	5398615	397.909515	18005.66797	2660
466635	5418615	-1462.202469	20168.75977	2700
466635	5438615	-4111.143097	16979.33984	2700
466635	5458615	-3956.97802	14160.5625	2670
466635	5478615	-3142.516434	13429.22852	2670
466635	5498615	-3583.958405	12596.10352	2670
486635	4898615	-1237.050537	12311.6377	2720
486635	4918615	-529.909286	15592.5459	2720
486635	4938615	-953.867677	15508.29492	2720
486635	4958615	-5082.285309	13297.7002	2670
486635	4978615	-10830.51558	8238.78125	2730
486635	4998615	-9093.200462	10482.8877	2730
486635	5018615	-7729.548728	11348.33496	2730
486635	5038615	-8557.629241	8255.822266	2730
486635	5058615	-8452.667725	8529.892578	2670
486635	5078615	-5687.417175	9434.239258	2670
486635	5098615	-2437.122437	12072.8457	2670
486635	5118615	23.511535	14715.30762	2670
486635	5138615	432.569335	17223.99414	2670
486635	5158615	-3551.033691	16126.20313	2670
486635	5178615	-7633.555054	16573.87109	2700
486635	5198615	-8957.486324	18222.32813	2700
486635	5218615	-6110.906494	17840.25195	2700
486635	5238615	-4425.550904	18331.76172	2700
486635	5258615	-2240.127137	19794.86523	2700
486635	5278615	-1497.112336	18537.0625	2660
486635	5298615	-790.98288	17948.93555	2660
486635	5318615	-226.491395	19461.76172	2660
486635	5338615	-319.747132	19666.37305	2660
486635	5358615	-757.508728	17329.07031	2660
486635	5378615	-619.181183	17916.70508	2660
486635	5398615	-5.212204	20507.64258	2660
486635	5418615	-583.278625	22057.26563	2700
486635	5438615	-1839.553421	19946.27148	2700
486635	5458615	-1832.225586	17618.47266	2700
486635	5478615	-940.804642	17012.81055	2670
486635	5498615	-314.585724	15713.09863	2670
506635	4898615	-1819.531677	11410.41895	2720
506635	4918615	-4295.181	12661.0752	2720
506635	4938615	-8913.668275	10469.24219	2720
506635	4958615	-10668.17358	9700.120117	2720
506635	4978615	-9889.536438	11938.58496	2730
506635	4998615	-7570.908652	15134.88477	2730
506635	5018615	-6806.982192	15165.00684	2730
506635	5038615	-8074.589936	12007.25586	2730
506635	5058615	-8404.934631	9907.790039	2730
506635	5078615	-6648.985108	9972.255859	2670
506635	5098615	-3679.247803	12295.73438	2670
506635	5118615	-847.270386	15507.625	2670
506635	5138615	842.669494	19738.20703	2670
506635	5158615	-3418.65149	17607.94531	2670
506635	5178615	-7675.420289	17057.40234	2670
506635	5198615	-9567.484497	17679.81641	2700
506635	5218615	-7458.822328	16582.63281	2700
506635	5238615	-4621.433717	18690.30078	2700
506635	5258615	-2970.153748	20218.86719	2700
506635	5278615	-2188.105346	20209.50586	2700
506635	5298615	-1397.508728	19847.00586	2660
506635	5318615	-535.89441	19891.40039	2660
506635	5338615	-480.923279	19131.20703	2660
506635	5358615	-820.305908	18328.65039	2660
506635	5378615	-995.081069	19229.38281	2660
506635	5398615	-482.818176	21396.26563	2700
506635	5418615	-686.734421	22184.32617	2700
506635	5438615	-1482.021682	20918.74609	2700
506635	5458615	-1617.045166	20293.86719	2700
506635	5478615	-807.528839	18984.25586	2700
506635	5498615	-271.392151	16402.60742	2670
526635	4898615	-4209.912354	9938.057617	2720
526635	4918615	-7281.073853	11222.94336	2720
526635	4938615	-11029.61871	11145.7041	2720
526635	4958615	-12868.45557	11641.61523	2720
526635	4978615	-10288.88104	13560.14453	2730
526635	4998615	-8733.933601	15025.14453	2730
526635	5018615	-7910.362991	15626.38965	2730
526635	5038615	-8484.515861	13059.29883	2730
526635	5058615	-8178.393524	8416.616211	2730
526635	5078615	-6135.611878	9555.280273	2730
526635	5098615	-3582.472535	15469.59961	2670
526635	5118615	-1059.296693	17766.12695	2670
526635	5138615	1142.558471	21425.73438	2670
526635	5158615	-3182.102906	18702.54492	2670
526635	5178615	-7536.439454	17707.10938	2670
526635	5198615	-9642.025879	17401.93359	2700
526635	5218615	-8295.722047	16141.21289	2700
526635	5238615	-5913.726197	17512.29883	2700
526635	5258615	-4062.544557	19361.14063	2700
526635	5278615	-2646.793336	20671.45898	2700
526635	5298615	-1743.762574	20725.03906	2660
526635	5318615	-883.953186	21017.46484	2660
526635	5338615	-574.68103	20350.29883	2660
526635	5358615	-807.717103	20344.66992	2700
526635	5378615	-1152.983154	20666.49414	2700
526635	5398615	-680.640213	21822.41016	2700
526635	5418615	-534.834381	22192.32422	2700
526635	5438615	-1215.473328	21105.46875	2700
526635	5458615	-1754.57904	20819.48242	2700
526635	5478615	-1503.915115	21234.20703	2700
526635	5498615	-1139.879119	18966.32813	2670
546635	4898615	-5065.07965	9688.707031	2720
546635	4918615	-5895.56659	12757.60938	2720
546635	4938615	-4901.745789	18527.87305	2720
546635	4958615	-13273.18683	13047.50684	2720
546635	4978615	-11242.66999	12693.63281	2730
546635	4998615	-10944.18356	12200.02344	2730
546635	5018615	-9808.176749	12438.31348	2730
546635	5038615	-9501.808861	12505.78125	2730
546635	5058615	-8903.09903	8998.706055	2730
546635	5078615	-6938.114075	10574.2168	2730
546635	5098615	-3724.984254	17002.6875	2670
546635	5118615	-62.885499	20269.70508	2670
546635	5138615	1291.121094	22595.02734	2670
546635	5158615	-3466.260987	18816.84961	2670
546635	5178615	-8480.077999	18017.85156	2670
546635	5198615	-10799.6742	18551.82031	2670
546635	5218615	-9002.369504	17662.85547	2700
546635	5238615	-6951.884767	17118.34375	2700
546635	5258615	-4786.713501	18452.04688	2700
546635	5278615	-3281.704865	19825.57422	2700
546635	5298615	-2136.077515	20290.57813	2700
546635	5318615	-1285.736756	21746.75977	2660
546635	5338615	-744.092621	22793.47266	2660
546635	5358615	-667.694641	22847.04297	2700
546635	5378615	-891.220032	22288.95117	2700
546635	5398615	-724.585327	21913.00195	2700
546635	5418615	-369.623962	21762.12305	2700
546635	5438615	-600.659667	21407.49023	2700
546635	5458615	-910.199966	20885.04492	2700
546635	5478615	-1033.422363	20486.00781	2700
546635	5498615	-1087.681854	20059.8125	2700
566635	4898615	-2972.85788	13166.67578	2720
566635	4918615	-3794.190552	13573.7959	2720
566635	4938615	-8698.482361	13804.98438	2720
566635	4958615	-13923.96466	10984.44922	2720
566635	4978615	-11929.73085	13872.63281	2730
566635	4998615	-11847.97589	13846.18359	2730
566635	5018615	-10605.71879	10546.71289	2730
566635	5038615	-10516.16898	11341.05176	2730
566635	5058615	-9783.459931	8174.717773	2730
566635	5078615	-7241.726014	10578.01172	2730
566635	5098615	-4160.850953	17034.49023	2670
566635	5118615	-63.141969	21160.81836	2670
566635	5138615	1010.961669	22805.00586	2670
566635	5158615	-4204.907227	17969.08008	2670
566635	5178615	-9773.913571	16610.06836	2670
566635	5198615	-13014.45337	16021.43457	2670
566635	5218615	-10071.04809	16538.05273	2740
566635	5238615	-7925.442628	15730.64844	2700
566635	5258615	-5761.851288	17128.42773	2700
566635	5278615	-4301.324768	18503.84766	2700
566635	5298615	-2557.59784	19254.62305	2700
566635	5318615	-1672.168641	19957.6875	2660
566635	5338615	-1066.29364	20529.38672	2660
566635	5358615	-693.395263	20775.98828	2700
566635	5378615	-619.011718	20777.58203	2700
566635	5398615	-613.469148	20148.64453	2700
566635	5418615	-307.453277	18829.12891	2700
566635	5438615	-271.104644	17406.87695	2700
566635	5458615	-364.740357	15701.36328	2700
566635	5478615	-608.816071	13177.68262	2700
566635	5498615	-853.45517	15724.79395	2700
586635	4898615	-5766.541718	13212.84766	2720
586635	4918615	-12643.80725	5348.921875	2720
586635	4938615	-14537.19775	7481.173828	2720
586635	4958615	-13324.26309	10106.78223	2720
586635	4978615	-11996.85387	12172.0293	2720
586635	4998615	-11546.99066	10179.31934	2730
586635	5018615	-10539.10373	11030.71875	2730
586635	5038615	-9922.781479	11918.875	2730
586635	5058615	-6371.747315	15152.07031	2730
586635	5078615	-4078.304322	17013.61719	2730
586635	5098615	-4499.875611	16784.00977	2670
586635	5118615	-2286.025757	19034.18164	2670
586635	5138615	-907.710205	21248.36523	2670
586635	5158615	-4465.260255	17850.86719	2670
586635	5178615	-9673.488531	14664.21582	2670
586635	5198615	-15352.74707	11110.42481	2740
586635	5218615	-11749.37769	15318.39844	2740
586635	5238615	-9146.672485	14753.36328	2740
586635	5258615	-6786.109131	15929.49805	2700
586635	5278615	-4171.999757	18033.62305	2700
586635	5298615	-2990.182557	18002.67773	2700
586635	5318615	-2023.471375	17871.55078	2700
586635	5338615	-1387.424011	17603.64063	2700
586635	5358615	-873.96051	17312.19336	2700
586635	5378615	-604.778869	17265.78516	2700
586635	5398615	-512.158142	17193.00391	2700
586635	5418615	-289.468231	15422.96289	2700
586635	5438615	-202.520721	12559.69824	2700
586635	5458615	-325.50888	13508.41211	2700
586635	5478615	-616.891602	12353.11133	2700
586635	5498615	-841.367065	13098.7041	2700
606635	4898615	-13901.95264	4607.790039	2720
606635	4918615	-16444.57398	6061.888672	2720
606635	4938615	-13438.42905	9948.639648	2720
606635	4958615	-11556.45161	12491.10156	2720
606635	4978615	-10896.91654	12772.64648	2720
606635	4998615	-10336.22865	11253.36523	2730
606635	5018615	-9439.106704	12353.16309	2730
606635	5038615	-7793.487564	14079.07422	2730
606635	5058615	-2182.835817	19169.25	2730
606635	5078615	-94.197998	21089.70313	2670
606635	5098615	-3961.420411	19865.96094	2670
606635	5118615	-3631.195557	21087.68359	2670
606635	5138615	-3303.547242	20014.50586	2670
606635	5158615	-4398.938965	18392.53125	2670
606635	5178615	-6651.861085	16986.79492	2670
606635	5198615	-13864.72669	13315.0459	2740
606635	5218615	-14611.41944	13687.27344	2740
606635	5238615	-11115.83459	14565.61523	2740
606635	5258615	-7739.16626	16273.93945	2740
606635	5278615	-5072.09015	17125.58984	2700
606635	5298615	-3460.839235	17299.23828	2700
606635	5318615	-2356.734193	17123.00195	2700
606635	5338615	-1594.190735	17249.79297	2700
606635	5358615	-1052.989776	16626.23242	2700
606635	5378615	-700.410645	16359.69434	2700
606635	5398615	-480.169861	16826.91211	2700
606635	5418615	-274.482071	15578.56055	2700
606635	5438615	-200.790619	11846.3252	2700
606635	5458615	-296.089295	13329.08203	2700
606635	5478615	-544.562744	14938.41992	2700
606635	5498615	-730.445527	13481.43262	2700
626635	4898615	-16512.90588	3944.447266	2720
626635	4918615	-15723.68168	9798.826172	2720
626635	4938615	-12709.10001	13097.2168	2720
626635	4958615	-10491.70313	14997.16016	2730
626635	4978615	-10175.7338	15066.53613	2730
626635	4998615	-8980.919969	13038.625	2730
626635	5018615	-7659.118232	14109.67578	2730
626635	5038615	-7941.876838	13424.66699	2730
626635	5058615	-5390.771882	15737.21875	2730
626635	5078615	-1900.166138	18908.48438	2730
626635	5098615	-4697.356201	17275.82813	2730
626635	5118615	-4555.134889	17418.44922	2730
626635	5138615	-4462.019043	16786.99805	2670
626635	5158615	-4685.697998	16973.18555	2670
626635	5178615	-2681.622071	20612.88672	2670
626635	5198615	-8947.008545	18794.88281	2740
626635	5218615	-16566.5072	11918.68555	2740
626635	5238615	-12987.37366	14754.98535	2740
626635	5258615	-8084.331666	17572.64063	2740
626635	5278615	-5451.589539	17487.10742	2700
626635	5298615	-3704.925354	16513.92383	2700
626635	5318615	-2647.488648	17332.375	2700
626635	5338615	-1730.967407	18906.47656	2700
626635	5358615	-1215.997771	19382.95313	2700
626635	5378615	-927.95938	19589.69141	2700
626635	5398615	-637.467285	19379.21484	2700
626635	5418615	-324.352631	16733.42969	2700
626635	5438615	-223.543793	14193.5918	2700
626635	5458615	-246.666991	14232.875	2700
626635	5478615	-406.376312	14409.61523	2700
626635	5498615	-618.422363	13217.55176	2700
646635	4898615	-16377.3808	7555.720703	2720
646635	4918615	-15476.88886	11284.59277	2720
646635	4938615	-12389.65175	14238.99316	2720
646635	4958615	-9898.76893	17455.96094	2730
646635	4978615	-10022.15446	16457.22852	2730
646635	4998615	-9088.55002	14001.58496	2730
646635	5018615	-7337.316166	14559.10254	2730
646635	5038615	-6990.512779	14019.04492	2730
646635	5058615	-7423.18634	13492.62891	2730
646635	5078615	-7057.316469	15611.29492	2730
646635	5098615	-5929.761903	17917.39453	2730
646635	5118615	-5501.994873	16437.375	2670
646635	5138615	-6016.024048	16111.19531	2670
646635	5158615	-5044.468506	17025.78711	2670
646635	5178615	-1825.142578	21299.36719	2740
646635	5198615	-6372.751954	20548.19336	2740
646635	5218615	-14894.09985	12595.32129	2740
646635	5238615	-12857.34851	13277.10352	2740
646635	5258615	-9799.125122	14526.01856	2740
646635	5278615	-6118.591553	16543.58984	2700
646635	5298615	-3912.091798	16065.50391	2700
646635	5318615	-3087.576112	16252.57422	2720
646635	5338615	-2042.936768	17759.99609	2720
646635	5358615	-1381.496673	18431.89648	2720
646635	5378615	-1116.652435	18707.11133	2720
646635	5398615	-786.538727	18477.85938	2720
646635	5418615	-324.657776	17152.21875	2720
646635	5438615	-237.260101	15852.98145	2700
646635	5458615	-254.510681	15268.11328	2700
646635	5478615	-376.768463	14488.15332	2700
646635	5498615	-590.076538	13423.04004	2700
666635	4898615	-15978.41656	10192.73047	2720
666635	4918615	-14852.27719	9839.228516	2700
666635	4938615	-11716.59017	14687.93457	2700
666635	4958615	-9737.28322	16856.26953	2730
666635	4978615	-10173.8265	12866.61523	2730
666635	4998615	-9733.339715	13716.98633	2730
666635	5018615	-6894.79331	15049.88086	2730
666635	5038615	-3006.212418	17690.8418	2730
666635	5058615	-3893.819703	16395.4707	2730
666635	5078615	-6995.061158	14648.34766	2730
666635	5098615	-6234.239015	17080.79688	2730
666635	5118615	-6481.705811	17158.61719	2670
666635	5138615	-7294.665284	15939.37305	2670
666635	5158615	-5037.176027	18021.875	2670
666635	5178615	-2216.688843	23059.2207	2670
666635	5198615	-3008.48877	24706.00781	2740
666635	5218615	-6322.848634	20654.71875	2740
666635	5238615	-9125.539918	16619.51758	2740
666635	5258615	-13441.68518	10529.79395	2740
666635	5278615	-8128.489137	14894.45117	2700
666635	5298615	-4299.558777	15983.85156	2700
666635	5318615	-3288.905885	15508.64941	2720
666635	5338615	-2388.975464	17076.29492	2720
666635	5358615	-1541.987457	18117.08984	2720
666635	5378615	-1060.192932	18740.2168	2720
666635	5398615	-631.660201	18678.52539	2720
666635	5418615	-223.429779	17868.61523	2720
666635	5438615	-224.315613	16777.22852	2700
666635	5458615	-255.671448	16003.73047	2700
666635	5478615	-409.98117	15210.01758	2700
666635	5498615	-613.486938	14212.00977	2740
686635	4898615	-15351.17017	8980.43457	2720
686635	4918615	-14032.95076	11591.68555	2700
686635	4938615	-10663.81296	15665.47754	2700
686635	4958615	-9823.114424	16512.6875	2730
686635	4978615	-10025.57262	12830.51758	2730
686635	4998615	-8504.781794	14881.45117	2730
686635	5018615	-4645.410928	17310.69727	2660
686635	5038615	-657.989799	20085.21094	2660
686635	5058615	-891.145294	19451.99805	2660
686635	5078615	-4847.817749	15804.83594	2730
686635	5098615	-7599.564332	14795.0127	2730
686635	5118615	-6641.714722	16806.76563	2730
686635	5138615	-6428.491333	16836.99414	2670
686635	5158615	-4070.32959	18734.79297	2670
686635	5178615	-2007.928467	22589.04883	2670
686635	5198615	-97.885987	26555.96094	2670
686635	5218615	1289.89453	28523.41992	2670
686635	5238615	-4478.914674	22219.30859	2740
686635	5258615	-14196.4071	10364.11523	2740
686635	5278615	-9666.981076	12790.02441	2740
686635	5298615	-4861.769287	14541.69531	2720
686635	5318615	-4105.715211	14827.4668	2720
686635	5338615	-2533.235504	17484.27734	2720
686635	5358615	-1663.551911	18430.89844	2720
686635	5378615	-1092.081513	18925.26758	2720
686635	5398615	-605.402679	18835.05664	2720
686635	5418615	-243.261902	18182.21094	2720
686635	5438615	-228.040192	17271.20313	2700
686635	5458615	-296.95871	16536.98633	2700
686635	5478615	-442.747864	15945.65527	2740
686635	5498615	-683.704621	15183.00098	2740
706635	4898615	-14616.18426	10925.88184	2700
706635	4918615	-13708.90945	12281.70313	2700
706635	4938615	-10385.6738	15706.38281	2730
706635	4958615	-9867.149719	16390.54297	2730
706635	4978615	-9653.974157	13198.08301	2730
706635	4998615	-7096.452387	15428.95117	2660
706635	5018615	-2827.896172	18623.06641	2660
706635	5038615	-491.876105	20181.50781	2660
706635	5058615	-1161.691157	19765.84961	2660
706635	5078615	-5781.748718	15684.36914	2730
706635	5098615	-9614.668152	12238.13086	2730
706635	5118615	-6640.833375	15839.81934	2730
706635	5138615	-4521.940063	17470.05664	2670
706635	5158615	-2571.847779	18264.76563	2670
706635	5178615	-1326.40735	19821.04688	2670
706635	5198615	-571.19397	24599.33984	2670
706635	5218615	1697.003417	29778.29883	2670
706635	5238615	-2642.065675	25027.93945	2670
706635	5258615	-12491.62939	12843.83301	2740
706635	5278615	-10307.8548	11815.84766	2740
706635	5298615	-5519.138611	13864.375	2720
706635	5318615	-4589.024415	14974.73535	2720
706635	5338615	-2745.975982	17289.67188	2720
706635	5358615	-1832.199676	18303.04883	2720
706635	5378615	-1137.923951	19199.32031	2720
706635	5398615	-539.309113	19116.16406	2720
706635	5418615	-360.753906	18357.64453	2720
706635	5438615	-314.671935	17565.14648	2700
706635	5458615	-361.045746	16833.95117	2740
706635	5478615	-311.672424	16434.49805	2740
706635	5498615	-440.103149	16160.33594	2740
726635	4898615	-13312.25537	12386.25195	2700
726635	4918615	-13474.10209	12273.50488	2700
726635	4938615	-11010.49021	15075.28906	2730
726635	4958615	-9890.756728	16412.82031	2730
726635	4978615	-9872.43999	12982.06836	2660
726635	4998615	-7701.602839	14350.21289	2660
726635	5018615	-3659.214325	17714.35938	2660
726635	5038615	-1950.048761	18774.0332	2660
726635	5058615	-2528.143971	18275.27734	2660
726635	5078615	-5837.810913	15678.80078	2660
726635	5098615	-9561.182007	13010.80664	2730
726635	5118615	-7215.149536	15517.61914	2730
726635	5138615	-3750.225587	18771.70508	2730
726635	5158615	-2408.35791	17092.20508	2670
726635	5178615	-1205.247682	18883.70313	2670
726635	5198615	-1546.296876	22944.42188	2670
726635	5218615	895.143798	29174.40234	2670
726635	5238615	-850.723756	26977.02539	2670
726635	5258615	-10141.31628	15400.4209	2740
726635	5278615	-10766.90906	12122.30469	2740
726635	5298615	-6044.416748	14395.69336	2720
726635	5318615	-4483.258606	15580.26172	2720
726635	5338615	-3128.539124	17265.05273	2720
726635	5358615	-2045.668274	18608.67383	2720
726635	5378615	-913.389862	19859.01367	2720
726635	5398615	-282.78424	19682.27344	2720
726635	5418615	-454.272461	18547.06641	2720
726635	5438615	-345.982544	17808.82227	2740
726635	5458615	-106.666564	17297.23242	2740
726635	5478615	22.445648	16977.07617	2740
726635	5498615	43.788818	17042.47852	2740
746635	4898615	-12259.11087	13348.84082	2700
746635	4918615	-13065.96641	12595.53711	2700
746635	4938615	-11258.36725	14906.25781	2730
746635	4958615	-10009.4495	16348.83984	2730
746635	4978615	-10183.05922	12766.14941	2700
746635	4998615	-8861.407744	13680.07324	2660
746635	5018615	-6150.722407	15837.37988	2660
746635	5038615	-5035.686465	15704.1875	2660
746635	5058615	-5478.792123	15037.44141	2660
746635	5078615	-7144.089026	13789.56641	2660
746635	5098615	-9177.443543	12926.53711	2730
746635	5118615	-8369.470215	15555.60059	2730
746635	5138615	-5646.256593	16368.5	2730
746635	5158615	-2990.271974	17711.66797	2670
746635	5178615	-1046.730347	20052.31445	2670
746635	5198615	-3467.317139	20388.28125	2670
746635	5218615	-4098.7229	22527.21484	2670
746635	5238615	675.065612	27399.35742	2740
746635	5258615	-7563.254639	17517.5293	2740
746635	5278615	-12039.57154	10693.23828	2740
746635	5298615	-6927.818604	13406.2832	2720
746635	5318615	-4278.266298	15727.27734	2720
746635	5338615	-3502.619659	17110.91992	2720
746635	5358615	-2044.758423	18349.87109	2720
746635	5378615	-614.337127	19763.0918	2720
746635	5398615	-338.602966	19487.11914	2720
746635	5418615	-507.762664	18751.5918	2740
746635	5438615	-238.343536	18338.08398	2740
746635	5458615	219.863282	18155.22852	2740
746635	5478615	198.049409	17578.88281	2740
746635	5498615	86.520079	17178.58398	2740
766635	4898615	-12097.8458	13390.2334	2700
766635	4918615	-12083.78066	13746.62695	2700
766635	4938615	-10819.64607	15384.5957	2700
766635	4958615	-10539.38712	12817.33301	2700
766635	4978615	-10583.82387	12464.89453	2700
766635	4998615	-9987.916579	12887.92383	2660
766635	5018615	-8617.634985	13762.41602	2660
766635	5038615	-7086.929873	14191.19727	2660
766635	5058615	-7275.571682	14139.84668	2660
766635	5078615	-8305.555737	13671.80176	2660
766635	5098615	-8899.509796	15732.66406	2660
766635	5118615	-9014.852784	13874.96387	2730
766635	5138615	-7614.536988	14132.55762	2730
766635	5158615	-2542.943848	18012.27344	2730
766635	5178615	-768.412841	20040.42188	2670
766635	5198615	-5944.322998	17614.76758	2670
766635	5218615	-8584.161383	16811.45508	2670
766635	5238615	942.255919	26835.92969	2670
766635	5258615	-5562.015748	19282.94727	2740
766635	5278615	-12646.17615	10433.9834	2740
766635	5298615	-7354.543579	13573.0166	2740
766635	5318615	-4101.967774	15678.55859	2720
766635	5338615	-3338.037934	16792.49219	2720
766635	5358615	-1666.086151	18263.71875	2720
766635	5378615	-785.855163	19147.25781	2720
766635	5398615	-773.020325	19208.73438	2720
766635	5418615	-607.052124	19251.29688	2740
766635	5438615	22.844375	19469.41602	2740
766635	5458615	195.991501	19136.53125	2740
766635	5478615	240.669937	18563.08984	2740
766635	5498615	-42.926087	17250.45508	2740
786635	4898615	-12132.57088	13228.95215	2700
786635	4918615	-11402.06406	14581.56055	2700
786635	4938615	-11282.43776	14923.43457	2700
786635	4958615	-11590.8679	11706.13574	2700
786635	4978615	-11319.89112	11870.30957	2700
786635	4998615	-11087.147	11850.68359	2660
786635	5018615	-10163.84488	12155.03809	2660
786635	5038615	-8171.567362	13564.84668	2660
786635	5058615	-7966.834932	14109.03516	2660
786635	5078615	-8639.388769	13880.62891	2660
786635	5098615	-8694.205686	15237.70117	2660
786635	5118615	-9133.81485	13715.23438	2660
786635	5138615	-7777.29773	13856.02734	2730
786635	5158615	-2301.279297	17353.76563	2730
786635	5178615	-1260.01709	18829.70898	2730
786635	5198615	-3748.620606	20594.4707	2730
786635	5218615	-3112.615235	23010.69141	2670
786635	5238615	1297.257202	27383.82617	2670
786635	5258615	-4319.857667	20683.69531	2740
786635	5278615	-11815.44117	11880.37793	2740
786635	5298615	-7086.248658	14371.92676	2740
786635	5318615	-3971.698304	16174.11914	2720
786635	5338615	-2704.174897	17629.3418	2720
786635	5358615	-1497.214782	18508.45117	2720
786635	5378615	-1333.407197	18690.89453	2720
786635	5398615	-1086.844115	19186.16211	2740
786635	5418615	-460.730529	20425.84961	2740
786635	5438615	353.614868	21367.04297	2740
786635	5458615	284.361358	20877.5332	2740
786635	5478615	210.451782	21368.2207	2740
786635	5498615	-149.227448	22346.86523	2740
806635	4898615	-12618.86375	12660.4541	2700
806635	4918615	-11726.35798	14292.42285	2700
806635	4938615	-12007.91543	14261.68555	2700
806635	4958615	-12817.05864	10505.77832	2700
806635	4978615	-12833.39298	10354.94824	2700
806635	4998615	-12420.10966	10285.68262	2700
806635	5018615	-11418.11112	10567.00684	2660
806635	5038615	-9802.059938	12444.81348	2660
806635	5058615	-8705.212862	13928.98633	2660
806635	5078615	-8161.184205	14871.48731	2660
806635	5098615	-8116.483467	15849.29981	2660
806635	5118615	-9055.754821	14393.93848	2660
806635	5138615	-7419.67218	15250.05664	2730
806635	5158615	-281.203645	20746.98828	2730
806635	5178615	-1623.912476	19990.11719	2730
806635	5198615	-973.498902	24231.08008	2730
806635	5218615	1694.399536	28069.74219	2670
806635	5238615	1324.640258	27510.52148	2670
806635	5258615	-4023.433472	21021.88477	2740
806635	5278615	-12253.17652	11606.63477	2740
806635	5298615	-8069.535096	13884.57031	2740
806635	5318615	-4893.279053	15736.27734	2720
806635	5338615	-2875.991425	17492.07031	2720
806635	5358615	-1793.813202	18276.94141	2720
806635	5378615	-1225.183746	19026.71289	2720
806635	5398615	-678.521576	20272.27148	2740
806635	5418615	199.199219	22371.48242	2740
806635	5438615	471.275908	23910.57422	2740
806635	5458615	476.60498	23627.48828	2740
806635	5478615	217.718079	24583.08008	2740
806635	5498615	-60.096192	26509.89063	2740
826635	4898615	-13363.66953	11965.21484	2700
826635	4918615	-12967.56307	13110.6709	2700
826635	4938615	-13260.10595	10119.2627	2700
826635	4958615	-14293.28112	9035.110352	2700
826635	4978615	-14699.38064	8473.831055	2700
826635	4998615	-13579.45232	9113.068359	2700
826635	5018615	-11879.8631	10372.32617	2660
826635	5038615	-10129.37718	12888.26563	2660
826635	5058615	-9042.790014	14548.06738	2660
826635	5078615	-7871.246872	16145.37891	2660
826635	5098615	-7831.588249	16279.70313	2660
826635	5118615	-9183.652969	14815.5957	2660
826635	5138615	-7908.28479	15619.99609	2730
826635	5158615	-1126.316895	21020.91602	2730
826635	5178615	-1023.442567	20945.05469	2730
826635	5198615	-1403.866333	23153.23047	2730
826635	5218615	-348.857666	25530.39844	2740
826635	5238615	-1498.718995	24213.33789	2740
826635	5258615	-6986.845155	17787.17188	2740
826635	5278615	-12215.22296	11523.28418	2740
826635	5298615	-9283.162418	12745.43066	2740
826635	5318615	-6489.414979	14515.2793	2720
826635	5338615	-3350.347108	17119.71875	2720
826635	5358615	-1863.76239	18315.69141	2720
826635	5378615	-327.462525	20012.54492	2720
826635	5398615	18.552124	21249.08789	2740
826635	5418615	418.271361	23620.97852	2740
826635	5438615	589.00592	26069.40234	2740
826635	5458615	468.144042	24550.69727	2740
826635	5478615	224.576416	23784.66211	2740
826635	5498615	52.704742	24960.16602	2740
846635	4898615	-13972.28552	11514.73535	2700
846635	4918615	-14837.03566	11374.43066	2700
846635	4938615	-15389.22757	8107.547852	2700
846635	4958615	-15950.68416	7344.881836	2700
846635	4978615	-15908.7097	7133.658203	2700
846635	4998615	-14266.92673	8436.160156	2700
846635	5018615	-11768.36918	10534.92285	2700
846635	5038615	-9515.11158	13583.01172	2660
846635	5058615	-8677.455293	16021.87109	2660
846635	5078615	-7345.965998	17853.61914	2660
846635	5098615	-7637.95459	16508.75391	2660
846635	5118615	-9349.822937	14907.10742	2660
846635	5138615	-9130.238648	14289.37305	2730
846635	5158615	-3906.731568	17859.39453	2730
846635	5178615	-1381.282227	19426.99609	2730
846635	5198615	-3340.659425	19781.24219	2740
846635	5218615	-5790.066284	19974.87109	2740
846635	5238615	-8273.152954	17764.80078	2740
846635	5258615	-10661.49243	13887.86035	2740
846635	5278615	-10569.2876	12738.5127	2740
846635	5298615	-9246.528868	12838.47656	2740
846635	5318615	-7136.583527	14109.76172	2740
846635	5338615	-3326.44638	17287.1543	2720
846635	5358615	-1142.567139	19136.1543	2720
846635	5378615	270.350646	20654.05273	2740
846635	5398615	305.068878	21507.37109	2740
846635	5418615	551.479125	23778.77539	2740
846635	5438615	574.525818	26158.07422	2740
846635	5458615	334.994232	23803.12891	2740
846635	5478615	157.472076	22721.15625	2740
846635	5498615	83.916473	22712.8125	2740
866635	4898615	-14834.45472	10848.85742	2700
866635	4918615	-15969.58386	10406.75391	2700
866635	4938615	-16452.78243	7191.191406	2700
866635	4958615	-16510.1325	6747.144531	2700
866635	4978615	-16228.87779	6738.376953	2700
866635	4998615	-14722.38374	8039.421875	2700
866635	5018615	-11707.36868	10529.44336	2700
866635	5038615	-9300.55989	14028.55371	2660
866635	5058615	-8166.17582	17070.33594	2660
866635	5078615	-6892.149201	18077.99023	2660
866635	5098615	-7351.8107	17029.65234	2660
866635	5118615	-9014.006165	15431.24219	2660
866635	5138615	-9528.870122	13621.99707	2660
866635	5158615	-5680.795899	14986.79883	2660
866635	5178615	-3458.039734	15796.41504	2740
866635	5198615	-4807.702882	17150.17383	2740
866635	5218615	-7115.539796	18615.66797	2740
866635	5238615	-9355.187618	16419.4375	2740
866635	5258615	-10634.77466	13206.70508	2740
866635	5278615	-10313.22901	12497.27832	2740
866635	5298615	-9105.751888	13112.94043	2740
866635	5318615	-6110.280823	15381.32031	2740
866635	5338615	-2161.850891	18710.05469	2720
866635	5358615	-201.214294	20334.01367	2720
866635	5378615	263.479584	21057.98828	2740
866635	5398615	368.406433	22407.18359	2740
866635	5418615	579.687866	24750.42188	2740
866635	5438615	430.308501	26394.73242	2740
866635	5458615	168.132553	23525.26367	2740
866635	5478615	143.649018	21787.78516	2740
866635	5498615	89.055482	21482.49414	2740
886635	4898615	-15471.95882	10393.79199	2700
886635	4918615	-15708.97193	7870.140625	2700
886635	4938615	-15739.42569	8101.786133	2700
886635	4958615	-16067.39812	7309.62207	2700
886635	4978615	-15915.92209	7054.163086	2700
886635	4998615	-14725.98825	8178.120117	2700
886635	5018615	-10534.36044	11812.04297	2700
886635	5038615	-7907.606324	15534.82813	2660
886635	5058615	-7716.268616	16982.74023	2660
886635	5078615	-7112.13086	17255.58203	2660
886635	5098615	-6941.68512	17423.21484	2660
886635	5118615	-7862.86493	16122.32324	2660
886635	5138615	-8141.629761	14729.10449	2660
886635	5158615	-6023.562318	15404.97754	2660
886635	5178615	-4899.832519	16006.44434	2740
886635	5198615	-5611.639405	16757.80859	2740
886635	5218615	-6997.891236	17235.83984	2740
886635	5238615	-8447.705079	15737.26856	2740
886635	5258615	-9246.239134	13928.54102	2740
886635	5278615	-9056.257077	13831.07813	2740
886635	5298615	-7105.924562	15330.46777	2740
886635	5318615	-3566.686828	18265.28906	2740
886635	5338615	-2198.861755	19118.55078	2720
886635	5358615	-107.53659	20855.27539	2720
886635	5378615	247.073944	21267.3125	2740
886635	5398615	405.249541	22531.15039	2740
886635	5418615	419.709136	26626.85352	2740
886635	5438615	226.602417	27448.66992	2740
886635	5458615	118.646545	24465.5332	2740
886635	5478615	157.687103	22434.58398	2740
886635	5498615	112.758209	21884.74219	2740
906635	4898615	-15267.58961	7788.24707	2700
906635	4918615	-14757.14761	9052.037109	2700
906635	4938615	-14758.65359	9336.734375	2700
906635	4958615	-14983.34203	8786.77832	2700
906635	4978615	-14918.65421	8640.68457	2700
906635	4998615	-14266.72968	9871.867188	2700
906635	5018615	-9560.318344	14825.51465	2700
906635	5038615	-6172.73053	17431.96094	2700
906635	5058615	-6545.160095	17944.67969	2660
906635	5078615	-6474.916261	18080.87891	2660
906635	5098615	-6012.937806	18307.34961	2660
906635	5118615	-6403.819215	17370.60938	2660
906635	5138615	-5912.246949	17055.82617	2660
906635	5158615	-5688.72223	16495.01563	2660
906635	5178615	-5662.426819	16298.0625	2740
906635	5198615	-5923.78296	16614.29492	2740
906635	5218615	-6637.357118	16600.00586	2740
906635	5238615	-7329.908693	15906.53711	2740
906635	5258615	-7511.312013	15833.44336	2740
906635	5278615	-6692.623536	16370.01465	2740
906635	5298615	-4319.939087	18345.78516	2740
906635	5318615	-4007.429566	18289.48633	2740
906635	5338615	-760.510772	21187.91797	2720
906635	5358615	-36.713821	21871.69336	2720
906635	5378615	237.763198	22702.27344	2740
906635	5398615	365.466216	24180.63281	2740
906635	5418615	262.566924	27817.32227	2740
906635	5438615	89.788819	29156.30469	2740
906635	5458615	116.537842	27422.93945	2740
906635	5478615	160.842698	25739.48438	2740
906635	5498615	136.148528	25511.30273	2740
926635	4898615	-13604.10082	9663.300781	2700
926635	4918615	-13489.9802	10565.92481	2700
926635	4938615	-13426.25414	10981.69434	2700
926635	4958615	-13562.15554	10729.96094	2700
926635	4978615	-14555.5614	9747.994141	2700
926635	4998615	-14751.61887	10804.19043	2700
926635	5018615	-11500.17871	14863.19531	2700
926635	5038615	-7155.515182	17552.19727	2700
926635	5058615	-5534.601684	19279.86523	2660
926635	5078615	-4998.021669	19625.74805	2660
926635	5098615	-4722.735718	19605.61523	2660
926635	5118615	-5691.343918	18089.32422	2660
926635	5138615	-5828.3974	17302.67383	2660
926635	5158615	-6489.285035	16091.04492	2660
926635	5178615	-6460.443664	15907.26367	2740
926635	5198615	-6442.153869	16087.98047	2740
926635	5218615	-6567.137696	16219.29688	2740
926635	5238615	-6624.364808	16390.875	2740
926635	5258615	-6337.139893	16834.01563	2740
926635	5278615	-5343.934693	17744.62305	2740
926635	5298615	-3070.706421	19831.78711	2740
926635	5318615	-810.332521	21903.78125	2740
926635	5338615	-16.447449	22485.15625	2720
926635	5358615	120.305267	22643.68945	2720
926635	5378615	424.064574	23425.92188	2740
926635	5398615	524.094909	24588.32227	2740
926635	5418615	331.384307	26937.19922	2740
926635	5438615	152.434891	27211.36523	2740
926635	5458615	163.450653	25544.46289	2740
926635	5478615	180.80452	25682.55273	2740
926635	5498615	135.857513	28183.51367	2740
