/* DATA DESCRIPTION:
Citation: Strasser, M., Berberich, T., Fabbri, S., Hilbe, M., Huang, J. J. S., Lauterbach, S., Ortler, M., Rechschreiter, H., Brauer, A., Anselmetti, F., and Kowarik, K., 2020, Geomorphology and event-stratigraphy of recent mass-movement processes in Lake Hallstatt (UNESCO World Heritage Cultural Landscape, Austria): Geological Society, London, Special Publications 500.1: 405-426.
Sample: Core HAL-14-02, Lake Hallstatt, Austria.
Machine: Itrax-XRF core scanner, CS-45 Austrian Core Facility
Comment: The data contains the optical image RGB data of Core HAL-14-2 along the core depth. The image can be found in the figure 7 of aforementioned reference.  
*/
position (mm)	R	G	B
75	114	78	49
75.2	124	85	54
75.4	137	93	58
75.6	148	101	64
75.8	159	109	69
76	169	116	74
76.2	167	115	73
76.4	162	111	71
76.6	159	108	70
76.8	143	97	63
77	127	87	56
77.2	125	84	54
77.4	129	87	55
77.6	128	87	56
77.8	130	87	56
78	140	94	60
78.2	174	120	76
78.4	211	149	95
78.6	232	164	106
78.8	241	171	110
79	244	173	111
79.2	238	169	109
79.4	236	166	107
79.6	234	165	107
79.8	228	161	104
80	222	157	101
80.2	220	155	100
80.4	210	148	96
80.6	194	134	86
80.8	189	130	83
81	186	129	82
81.2	178	123	78
81.4	171	117	75
81.6	165	114	72
81.8	159	108	69
82	159	108	68
82.2	153	105	67
82.4	147	100	63
82.6	148	100	63
82.8	147	98	62
83	148	99	62
83.2	138	92	58
83.4	125	84	53
83.6	117	79	50
83.8	121	81	52
84	132	90	57
84.2	145	100	63
84.4	149	101	64
84.6	144	97	61
84.8	128	85	53
85	117	77	48
85.2	122	81	50
85.4	134	91	57
85.6	143	97	61
85.8	141	96	60
86	134	91	57
86.2	132	90	56
86.4	137	93	58
86.6	140	94	59
86.8	143	95	59
87	144	96	59
87.2	145	97	59
87.4	152	102	62
87.6	153	102	62
87.8	143	95	58
88	128	84	52
88.2	112	73	44
88.4	95	61	37
88.6	90	58	35
88.8	109	73	45
89	131	91	57
89.2	139	96	61
89.4	145	101	64
89.6	150	104	66
89.8	144	98	61
90	148	99	61
90.2	139	91	56
90.4	128	83	51
90.6	122	80	49
90.8	119	79	48
91	134	89	54
91.2	153	102	62
91.4	165	109	67
91.6	163	108	66
91.8	153	101	62
92	140	94	58
92.2	149	101	62
92.4	161	110	69
92.6	156	107	67
92.8	165	114	72
93	178	122	78
93.2	181	123	78
93.4	163	111	71
93.6	145	97	62
93.8	151	101	64
94	172	117	74
94.2	188	130	82
94.4	191	131	83
94.6	172	118	75
94.8	148	99	63
95	129	86	54
95.2	111	74	47
95.4	109	73	46
95.6	118	80	49
95.8	123	82	51
96	122	82	51
96.2	131	90	56
96.4	144	99	61
96.6	153	105	65
96.8	160	110	69
97	153	105	66
97.2	154	106	67
97.4	171	117	74
97.6	170	117	74
97.8	147	100	64
98	143	98	62
98.2	153	106	67
98.4	156	108	69
98.6	150	103	66
98.8	128	87	55
99	108	72	46
99.2	105	70	43
99.4	114	77	48
99.6	122	82	51
99.8	120	79	50
100	117	76	47
100.2	124	81	51
100.4	128	86	54
100.6	119	80	50
100.8	121	80	50
101	127	86	53
101.2	134	91	57
101.4	165	111	69
101.6	195	136	86
101.8	179	125	81
102	150	104	67
102.2	124	84	54
102.4	111	75	48
102.6	116	79	50
102.8	116	79	49
103	113	75	47
103.2	111	74	46
103.4	112	75	47
103.6	118	80	50
103.8	118	79	50
104	142	97	60
104.2	180	126	79
104.4	188	131	84
104.6	164	114	74
104.8	128	87	56
105	120	82	51
105.2	131	90	57
105.4	138	96	60
105.6	133	91	58
105.8	121	82	52
106	114	77	48
106.2	107	71	44
106.4	102	68	42
106.6	111	74	46
106.8	127	86	53
107	151	103	64
107.2	174	119	74
107.4	188	128	81
107.6	178	121	77
107.8	159	108	68
108	145	98	62
108.2	136	93	59
108.4	130	89	56
108.6	128	87	55
108.8	128	86	54
109	127	84	52
109.2	123	81	50
109.4	116	76	47
109.6	120	79	49
109.8	123	81	50
110	116	77	48
110.2	115	76	47
110.4	123	81	50
110.6	132	87	54
110.8	131	87	54
111	125	83	52
111.2	125	81	50
111.4	128	84	51
111.6	127	85	53
111.8	130	87	54
112	141	95	59
112.2	143	98	62
112.4	132	91	58
112.6	120	83	53
112.8	114	77	48
113	117	77	47
113.2	128	85	52
113.4	139	92	57
113.6	147	98	61
113.8	150	101	62
114	149	100	62
114.2	152	102	63
114.4	155	104	64
114.6	150	103	64
114.8	154	105	65
115	166	113	70
115.2	173	118	74
115.4	173	120	76
115.6	168	117	74
115.8	186	128	80
116	206	141	88
116.2	220	152	96
116.4	227	158	100
116.6	227	158	101
116.8	222	155	99
117	220	155	100
117.2	218	154	99
117.4	213	151	98
117.6	207	147	95
117.8	191	137	90
118	173	123	80
118.2	170	121	79
118.4	159	114	74
118.6	149	105	68
118.8	145	101	65
119	151	104	67
119.2	172	119	76
119.4	189	132	85
119.6	189	132	85
119.8	182	127	82
120	178	125	80
120.2	176	123	79
120.4	171	119	76
120.6	173	121	78
120.8	175	122	78
121	175	122	79
121.2	166	116	75
121.4	159	111	72
121.6	154	108	70
121.8	146	102	66
122	143	99	64
122.2	146	102	66
122.4	144	100	65
122.6	142	99	64
122.8	139	97	63
123	127	88	57
123.2	114	78	50
123.4	104	71	45
123.6	101	68	43
123.8	99	66	42
124	101	67	42
124.2	119	79	49
124.4	127	85	53
124.6	119	81	50
124.8	122	82	50
125	139	94	58
125.2	158	108	67
125.4	175	120	75
125.6	188	130	82
125.8	182	127	81
126	162	112	72
126.2	140	96	62
126.4	117	80	52
126.6	112	76	48
126.8	121	82	51
127	125	86	54
127.2	107	73	46
127.4	102	69	43
127.6	115	78	48
127.8	115	79	50
128	114	77	49
128.2	121	82	52
128.4	125	85	54
128.6	133	90	57
128.8	138	93	59
129	127	86	54
129.2	111	74	47
129.4	109	71	44
129.6	121	79	49
129.8	117	78	48
130	91	60	37
130.2	84	55	33
130.4	91	60	36
130.6	103	69	42
130.8	119	78	48
131	139	91	55
131.2	150	98	60
131.4	154	102	63
131.6	156	104	64
131.8	159	106	66
132	148	99	62
132.2	124	82	52
132.4	97	64	41
132.6	81	53	34
132.8	75	49	31
133	66	42	27
133.2	55	35	22
133.4	52	33	21
133.6	56	35	22
133.8	62	40	26
134	69	46	30
134.2	82	57	37
134.4	110	78	51
134.6	141	102	66
134.8	153	111	72
135	148	106	69
135.2	134	94	61
135.4	119	82	52
135.6	114	76	48
135.8	105	70	44
136	95	63	39
136.2	94	62	38
136.4	106	71	44
136.6	114	76	47
136.8	118	78	48
137	123	81	50
137.2	123	83	51
137.4	117	79	49
137.6	119	81	50
137.8	119	82	52
138	114	79	50
138.2	109	74	46
138.4	104	70	43
138.6	103	69	43
138.8	113	76	47
139	114	76	48
139.2	105	70	44
139.4	100	66	40
139.6	103	68	42
139.8	115	77	47
140	118	79	48
140.2	116	77	47
140.4	122	82	51
140.6	132	90	56
140.8	137	94	59
141	150	105	66
141.2	169	120	76
141.4	184	131	84
141.6	189	135	86
141.8	186	132	85
142	174	123	80
142.2	160	112	72
142.4	158	112	72
142.6	158	112	72
142.8	160	112	72
143	154	106	67
143.2	145	100	64
143.4	128	88	56
143.6	116	80	51
143.8	113	77	48
144	109	74	47
144.2	114	77	49
144.4	132	92	59
144.6	147	103	66
144.8	155	108	69
145	157	110	70
145.2	156	109	69
145.4	153	105	67
145.6	152	105	67
145.8	142	99	63
146	135	93	59
146.2	148	101	63
146.4	170	115	72
146.6	175	119	76
146.8	162	109	69
147	148	100	64
147.2	131	89	57
147.4	117	79	50
147.6	109	73	45
147.8	104	68	42
148	97	64	40
148.2	94	63	39
148.4	98	64	40
148.6	98	64	39
148.8	91	59	36
149	93	61	37
149.2	98	65	39
149.4	99	64	39
149.6	112	73	44
149.8	125	83	51
150	128	86	54
150.2	134	91	56
150.4	148	99	61
150.6	154	103	63
150.8	147	97	60
151	140	94	59
151.2	130	88	56
151.4	118	80	51
151.6	114	77	49
151.8	115	79	50
152	124	85	54
152.2	126	86	55
152.4	116	80	51
152.6	117	80	50
152.8	111	75	47
153	96	64	41
153.2	83	56	35
153.4	78	52	32
153.6	85	57	35
153.8	99	67	42
154	110	74	47
154.2	116	79	50
154.4	118	81	52
154.6	119	83	53
154.8	119	83	53
155	127	89	57
155.2	134	93	60
155.4	136	95	61
155.6	135	95	62
155.8	132	93	60
156	130	91	59
156.2	126	88	57
156.4	124	87	56
156.6	124	87	56
156.8	123	87	56
157	125	88	57
157.2	126	88	57
157.4	126	89	57
157.6	128	89	57
157.8	128	90	58
158	127	89	57
158.2	129	90	58
158.4	124	87	55
158.6	127	88	56
158.8	131	91	59
159	135	94	60
159.2	136	95	60
159.4	136	95	60
159.6	144	100	64
159.8	151	105	67
160	146	101	64
160.2	128	88	56
160.4	106	71	44
160.6	103	68	42
160.8	134	90	55
161	165	116	73
161.2	161	113	73
161.4	151	105	67
161.6	143	100	64
161.8	134	94	61
162	129	90	58
162.2	129	89	56
162.4	138	96	61
162.6	156	109	69
162.8	164	114	72
163	165	114	72
163.2	166	115	73
163.4	171	117	74
163.6	178	122	77
163.8	199	137	87
164	212	147	94
164.2	195	135	88
164.4	160	110	72
164.6	130	88	57
164.8	118	79	49
165	131	86	53
165.2	147	96	59
165.4	148	94	57
165.6	143	90	55
165.8	134	87	54
166	151	104	65
166.2	175	124	79
166.4	175	125	80
166.6	168	122	78
166.8	168	125	81
167	165	125	82
167.2	177	128	83
167.4	191	135	86
167.6	201	141	90
167.8	200	139	89
168	191	133	85
168.2	179	124	80
168.4	162	112	72
168.6	146	100	65
168.8	132	90	58
169	122	84	54
169.2	113	78	50
169.4	119	81	50
169.6	161	112	69
169.8	208	148	95
170	221	160	104
170.2	214	155	102
170.4	194	140	92
170.6	170	121	79
170.8	154	109	71
171	138	97	63
171.2	129	90	59
171.4	126	87	57
171.6	131	91	59
171.8	126	88	57
172	114	79	51
172.2	112	77	49
172.4	116	80	50
172.6	123	85	53
172.8	125	86	54
173	114	78	49
173.2	113	77	48
173.4	109	74	46
173.6	101	68	42
173.8	105	70	44
174	115	78	49
174.2	118	80	50
174.4	125	84	53
174.6	122	82	51
174.8	116	79	49
175	119	81	50
175.2	124	84	52
175.4	128	88	55
175.6	122	83	53
175.8	110	75	48
176	103	70	45
176.2	104	70	44
176.4	108	74	47
176.6	108	73	46
176.8	106	72	45
177	100	67	42
177.2	98	67	41
177.4	110	76	47
177.6	126	88	55
177.8	142	100	63
178	154	109	69
178.2	159	111	71
178.4	155	107	68
178.6	142	98	63
178.8	128	89	57
179	119	82	53
179.2	112	78	50
179.4	105	72	46
179.6	107	74	46
179.8	109	75	47
180	109	75	47
180.2	102	70	45
180.4	99	68	43
180.6	94	64	41
180.8	90	62	39
181	97	68	43
181.2	103	73	47
181.4	110	78	50
181.6	120	86	55
181.8	125	89	58
182	129	93	60
182.2	129	92	60
182.4	131	94	61
182.6	137	97	63
182.8	140	98	63
183	133	91	58
183.2	120	82	52
183.4	112	77	49
183.6	112	77	49
183.8	113	78	49
184	119	82	52
184.2	113	79	50
184.4	112	79	51
184.6	112	79	51
184.8	118	84	53
185	128	91	58
185.2	134	96	61
185.4	134	96	62
185.6	128	91	58
185.8	116	82	52
186	97	67	43
186.2	82	56	35
186.4	81	56	35
186.6	87	60	37
186.8	99	68	42
187	109	75	46
187.2	122	83	52
187.4	122	84	53
187.6	111	77	49
187.8	107	75	47
188	110	77	49
188.2	116	81	52
188.4	125	88	56
188.6	142	102	66
188.8	152	110	72
189	151	109	71
189.2	141	102	67
189.4	144	105	68
189.6	148	107	70
189.8	147	106	70
190	150	109	71
190.2	150	108	71
190.4	150	108	71
190.6	149	108	71
190.8	145	105	69
191	143	104	68
191.2	141	102	67
191.4	140	101	66
191.6	138	100	65
191.8	137	99	64
192	137	99	65
192.2	135	98	64
192.4	127	91	59
192.6	122	87	57
192.8	121	86	55
193	123	88	57
193.2	123	88	57
193.4	127	90	58
193.6	126	90	59
193.8	126	90	58
194	126	90	58
194.2	127	90	58
194.4	130	93	60
194.6	141	101	65
194.8	160	114	74
195	161	115	75
195.2	148	105	68
195.4	130	91	59
195.6	118	82	53
195.8	115	80	50
196	122	86	55
196.2	118	84	54
196.4	114	80	51
196.6	116	82	52
196.8	111	78	49
197	103	72	46
197.2	103	72	46
197.4	101	70	44
197.6	96	67	42
197.8	103	71	45
198	106	73	47
198.2	105	73	46
198.4	100	69	44
198.6	95	66	42
198.8	95	67	42
199	94	66	42
199.2	106	74	46
199.4	123	86	54
199.6	127	88	56
199.8	126	88	56
200	127	88	56
200.2	126	89	57
200.4	123	87	56
200.6	122	86	55
200.8	124	88	57
201	125	89	57
201.2	125	88	57
201.4	126	89	57
201.6	124	88	57
201.8	124	88	56
202	124	88	56
202.2	122	85	54
202.4	125	86	54
202.6	123	85	53
202.8	125	86	54
203	119	82	52
203.2	107	73	46
203.4	97	67	42
203.6	93	64	40
203.8	100	68	42
204	111	76	47
204.2	104	71	44
204.4	96	65	41
204.6	103	70	43
204.8	114	78	48
205	121	83	52
205.2	109	74	47
205.4	99	67	43
205.6	88	59	36
205.8	104	68	41
206	125	85	52
206.2	120	83	52
206.4	104	71	44
206.6	103	69	43
206.8	119	81	50
207	141	97	60
207.2	160	113	71
207.4	155	110	71
207.6	134	96	62
207.8	115	81	52
208	111	77	49
208.2	110	76	48
208.4	102	70	44
208.6	98	69	43
208.8	93	66	42
209	97	69	44
209.2	106	75	48
209.4	112	80	51
209.6	116	82	52
209.8	117	83	53
210	120	86	55
210.2	124	90	59
210.4	127	93	60
210.6	130	95	62
210.8	131	96	63
211	132	97	63
211.2	129	95	62
211.4	124	92	60
211.6	118	87	57
211.8	114	82	54
212	111	79	51
212.2	114	80	51
212.4	114	79	50
212.6	110	76	48
212.8	108	75	47
213	109	74	46
213.2	115	78	48
213.4	123	84	52
213.6	121	83	52
213.8	112	77	48
214	102	70	44
214.2	95	66	41
214.4	90	62	38
214.6	98	66	40
214.8	113	75	46
215	128	86	52
215.2	137	92	57
215.4	145	98	61
215.6	146	100	63
215.8	141	96	60
216	134	92	58
216.2	123	85	54
216.4	115	79	51
216.6	109	75	48
216.8	104	71	45
217	106	72	46
217.2	106	72	46
217.4	105	71	45
217.6	114	77	48
217.8	122	82	52
218	117	79	49
218.2	120	82	51
218.4	126	86	54
218.6	125	85	54
218.8	120	82	52
219	112	76	48
219.2	108	74	47
219.4	109	76	48
219.6	117	81	51
219.8	131	91	57
220	138	95	60
220.2	136	92	57
220.4	136	91	57
220.6	142	96	60
220.8	153	104	64
221	156	107	67
221.2	142	98	62
221.4	131	90	56
221.6	136	94	59
221.8	142	99	62
222	140	97	61
222.2	138	96	60
222.4	143	100	62
222.6	134	93	59
222.8	113	76	48
223	105	71	43
223.2	112	76	47
223.4	117	79	49
223.6	131	89	56
223.8	147	102	64
224	145	101	64
224.2	134	92	58
224.4	119	82	52
224.6	108	74	46
224.8	108	74	46
225	117	82	51
225.2	129	91	58
225.4	133	94	60
225.6	132	94	60
225.8	129	92	59
226	129	92	58
226.2	133	95	60
226.4	132	93	58
226.6	126	87	54
226.8	121	83	52
227	124	85	53
227.2	121	83	52
227.4	108	74	46
227.6	110	76	47
227.8	131	90	56
228	168	115	71
228.2	194	135	85
228.4	199	139	88
228.6	199	139	89
228.8	188	130	83
229	169	117	75
229.2	152	104	66
229.4	140	95	60
229.6	127	86	54
229.8	120	81	51
230	115	77	49
230.2	113	75	47
230.4	114	76	48
230.6	113	76	47
230.8	124	85	53
231	139	97	60
231.2	148	105	67
231.4	145	104	67
231.6	126	89	58
231.8	124	86	55
232	124	86	54
232.2	110	75	47
232.4	94	64	40
232.6	94	65	40
232.8	106	74	46
233	112	79	50
233.2	117	83	53
233.4	133	94	60
233.6	142	101	64
233.8	146	104	67
234	148	105	67
234.2	158	112	72
234.4	169	122	79
234.6	166	120	78
234.8	152	109	71
235	151	108	70
235.2	153	110	71
235.4	138	98	63
235.6	120	84	54
235.8	117	83	53
236	129	93	59
236.2	140	101	65
236.4	145	103	67
236.6	142	101	66
236.8	136	96	63
237	118	83	54
237.2	109	77	50
237.4	118	84	54
237.6	129	92	59
237.8	142	102	65
238	157	114	73
238.2	168	122	79
238.4	173	125	81
238.6	172	124	80
238.8	171	122	80
239	158	113	74
239.2	146	104	68
239.4	139	100	65
239.6	137	99	64
239.8	137	100	65
240	130	94	61
240.2	134	96	62
240.4	143	101	65
240.6	151	108	70
240.8	142	102	67
241	131	94	61
241.2	125	90	58
241.4	124	89	58
241.6	128	92	60
241.8	128	92	60
242	129	92	60
242.2	129	92	60
242.4	134	96	62
242.6	140	98	64
242.8	129	92	59
243	125	88	57
243.2	128	90	58
243.4	127	89	58
243.6	139	98	63
243.8	152	109	71
244	147	106	69
244.2	134	96	62
244.4	132	95	61
244.6	153	112	73
244.8	167	124	82
245	156	115	76
245.2	138	101	67
245.4	129	94	62
245.6	132	97	63
245.8	144	105	68
246	144	103	67
246.2	128	92	60
246.4	119	85	56
246.6	107	78	51
246.8	111	82	53
247	129	95	61
247.2	154	112	72
247.4	173	125	81
247.6	179	129	84
247.8	172	123	80
248	164	116	76
248.2	153	108	70
248.4	139	97	63
248.6	127	88	57
248.8	129	92	60
249	137	98	64
249.2	147	106	69
249.4	154	110	72
249.6	150	107	70
249.8	137	97	63
250	134	96	62
250.2	137	99	64
250.4	138	101	65
250.6	136	100	65
250.8	130	97	64
251	122	92	60
251.2	113	85	56
251.4	111	81	53
251.6	113	80	51
251.8	123	87	55
252	108	77	49
252.2	109	78	49
252.4	124	88	55
252.6	140	99	62
252.8	161	114	71
253	164	115	73
253.2	154	108	69
253.4	144	100	64
253.6	144	101	64
253.8	139	97	62
254	140	99	62
254.2	151	107	68
254.4	153	109	70
254.6	141	100	65
254.8	125	88	57
255	110	79	51
255.2	102	73	47
255.4	95	67	43
255.6	88	62	39
255.8	100	69	43
256	110	75	47
256.2	114	78	49
256.4	116	80	51
256.6	112	77	48
256.8	114	78	48
257	121	83	52
257.2	117	81	51
257.4	106	73	46
257.6	98	67	42
257.8	108	74	46
258	115	80	50
258.2	117	80	50
258.4	126	87	54
258.6	125	86	54
258.8	139	94	58
259	149	101	63
259.2	142	96	60
259.4	128	87	54
259.6	124	85	53
259.8	130	89	55
260	139	97	61
260.2	136	96	61
260.4	117	83	53
260.6	115	82	53
260.8	119	85	55
261	127	89	56
261.2	135	95	60
261.4	136	96	61
261.6	141	100	64
261.8	142	102	65
262	141	101	64
262.2	152	109	70
262.4	154	112	72
262.6	147	106	68
262.8	152	109	70
263	158	115	73
263.2	159	114	73
263.4	161	115	74
263.6	164	117	74
263.8	165	119	76
264	164	119	76
264.2	159	117	75
264.4	145	107	70
264.6	145	106	68
264.8	148	107	70
265	156	110	71
265.2	155	109	70
265.4	135	94	60
265.6	127	88	56
265.8	126	87	55
266	133	91	57
266.2	154	106	67
266.4	165	116	74
266.6	175	124	80
266.8	181	130	84
267	173	124	80
267.2	163	116	75
267.4	156	110	71
267.6	150	106	68
267.8	144	102	66
268	132	93	59
268.2	120	86	55
268.4	115	84	54
268.6	108	80	51
268.8	104	74	47
269	118	82	52
269.2	134	94	59
269.4	156	110	68
269.6	156	111	71
269.8	139	99	63
270	135	95	61
270.2	140	99	63
270.4	141	99	64
270.6	135	95	60
270.8	138	96	60
271	137	98	62
271.2	126	92	59
271.4	120	88	57
271.6	118	87	56
271.8	116	84	54
272	123	86	54
272.2	137	95	59
272.4	139	96	60
272.6	135	94	60
272.8	135	95	61
273	138	98	63
273.2	138	98	63
273.4	140	100	64
273.6	142	100	65
273.8	137	96	62
274	134	94	60
274.2	131	91	57
274.4	140	96	60
274.6	155	108	69
274.8	162	112	71
275	156	107	68
275.2	144	99	63
275.4	126	86	55
275.6	113	76	48
275.8	105	70	44
276	98	66	41
276.2	100	66	41
276.4	110	74	46
276.6	119	82	51
276.8	130	91	57
277	142	101	64
277.2	150	108	69
277.4	138	100	65
277.6	126	91	59
277.8	120	87	56
278	110	79	51
278.2	111	79	51
278.4	116	82	52
278.6	127	90	57
278.8	140	99	62
279	152	107	67
279.2	151	107	67
279.4	150	105	66
279.6	154	107	67
279.8	157	110	69
280	147	103	65
280.2	140	97	62
280.4	137	95	60
280.6	132	92	57
280.8	121	86	54
281	102	72	45
281.2	88	61	38
281.4	85	59	36
281.6	89	61	38
281.8	115	79	50
282	150	106	68
282.2	155	111	72
282.4	153	111	72
282.6	164	120	79
282.8	157	117	77
283	142	106	70
283.2	140	106	70
283.4	135	103	68
283.6	129	98	64
283.8	123	94	62
284	117	88	59
284.2	118	88	58
284.4	114	84	56
284.6	112	82	53
284.8	114	82	53
285	121	86	55
285.2	140	99	63
285.4	160	113	72
285.6	168	119	76
285.8	160	113	73
286	148	105	67
286.2	149	105	68
286.4	148	104	67
286.6	149	105	67
286.8	169	121	78
287	174	124	80
287.2	165	116	75
287.4	152	107	69
287.6	141	98	63
287.8	140	98	63
288	150	107	69
288.2	165	119	77
288.4	170	124	81
288.6	165	119	77
288.8	163	117	76
289	163	117	75
289.2	173	124	79
289.4	193	139	89
289.6	204	147	94
289.8	189	136	88
290	155	110	71
290.2	134	94	60
290.4	128	89	57
290.6	123	85	55
290.8	129	90	58
291	137	97	62
291.2	139	99	64
291.4	140	101	66
291.6	141	103	67
291.8	152	112	73
292	166	122	80
292.2	175	128	84
292.4	178	130	85
292.6	178	128	84
292.8	174	125	82
293	174	125	82
293.2	158	115	75
293.4	141	101	66
293.6	143	103	67
293.8	151	109	70
294	147	105	67
294.2	143	101	64
294.4	145	102	64
294.6	148	104	66
294.8	149	105	67
295	162	115	74
295.2	179	127	82
295.4	179	126	82
295.6	160	114	74
295.8	161	115	75
296	187	135	88
296.2	207	149	98
296.4	198	142	93
296.6	188	135	88
296.8	202	147	96
297	214	159	104
297.2	204	150	99
297.4	185	135	89
297.6	172	124	81
297.8	165	120	78
298	173	126	83
298.2	183	134	88
298.4	180	132	87
298.6	177	131	87
298.8	174	129	86
299	173	126	83
299.2	168	123	80
299.4	174	126	82
299.6	189	137	89
299.8	189	136	89
300	193	138	89
300.2	196	138	89
300.4	195	137	88
300.6	191	133	86
300.8	176	121	78
301	157	108	69
301.2	141	97	62
301.4	129	88	57
301.6	127	88	56
301.8	145	103	66
302	160	115	74
302.2	171	122	78
302.4	179	128	83
302.6	165	117	76
302.8	154	108	69
303	145	100	64
303.2	134	93	59
303.4	130	91	58
303.6	129	90	57
303.8	127	90	58
304	140	100	64
304.2	157	113	73
304.4	155	112	73
304.6	140	102	67
304.8	124	90	59
305	114	82	54
305.2	99	72	47
305.4	88	63	41
305.6	88	63	40
305.8	103	72	46
306	125	88	55
306.2	137	96	61
306.4	135	95	60
306.6	132	92	59
306.8	128	89	57
307	129	89	57
307.2	130	90	58
307.4	130	90	57
307.6	130	90	57
307.8	127	88	56
308	126	88	56
308.2	127	89	57
308.4	128	89	56
308.6	133	92	58
308.8	127	89	57
309	128	90	57
309.2	132	92	59
309.4	135	95	60
309.6	133	94	60
309.8	132	93	59
310	130	92	59
310.2	125	89	57
310.4	125	90	58
310.6	123	88	57
310.8	113	81	53
311	102	74	48
311.2	95	68	44
311.4	100	71	45
311.6	123	87	55
311.8	132	93	59
312	133	94	60
312.2	142	102	65
312.4	149	106	68
312.6	152	108	70
312.8	158	115	74
313	160	117	76
313.2	169	123	80
313.4	175	128	83
313.6	174	127	83
313.8	174	127	83
314	168	123	81
314.2	160	116	76
314.4	149	109	71
314.6	152	112	73
314.8	156	116	76
315	157	116	76
315.2	157	115	75
315.4	158	115	75
315.6	179	131	86
315.8	188	138	90
316	192	139	91
316.2	192	139	91
316.4	185	134	88
316.6	181	132	86
316.8	177	128	84
317	172	125	82
317.2	169	124	82
317.4	168	123	82
317.6	167	122	81
317.8	161	118	78
318	151	110	73
318.2	145	106	70
318.4	140	101	66
318.6	138	98	64
318.8	133	94	61
319	122	86	56
319.2	116	82	53
319.4	113	80	52
319.6	109	79	52
319.8	104	76	50
320	100	73	48
320.2	99	72	47
320.4	96	70	46
320.6	93	67	44
320.8	92	65	42
321	100	68	42
321.2	113	76	47
321.4	112	77	48
321.6	117	82	52
321.8	126	89	57
322	122	86	56
322.2	120	85	55
322.4	119	85	54
322.6	119	86	56
322.8	119	86	56
323	115	82	53
323.2	112	79	51
323.4	114	81	52
323.6	109	77	50
323.8	102	71	45
324	108	75	47
324.2	122	85	53
324.4	128	90	58
324.6	123	86	56
324.8	122	86	55
325	121	88	57
325.2	120	87	57
325.4	118	85	55
325.6	117	85	55
325.8	120	86	56
326	124	89	58
326.2	133	95	61
326.4	152	107	69
326.6	170	120	77
326.8	169	119	76
327	159	111	71
327.2	141	99	63
327.4	115	82	53
327.6	117	82	52
327.8	128	89	56
328	152	104	64
328.2	171	117	73
328.4	180	125	78
328.6	184	127	80
328.8	184	127	79
329	179	124	78
329.2	173	120	76
329.4	170	116	74
329.6	168	116	73
329.8	166	114	72
330	162	110	70
330.2	158	107	68
330.4	154	105	66
330.6	150	103	66
330.8	142	97	62
331	141	96	61
331.2	139	95	60
331.4	136	93	59
331.6	134	92	58
331.8	129	87	55
332	126	85	54
332.2	124	84	53
332.4	119	81	51
332.6	118	80	50
332.8	117	78	50
333	113	76	48
333.2	108	73	47
333.4	111	74	46
333.6	116	79	50
333.8	110	75	48
334	106	72	46
334.2	113	76	48
334.4	115	80	51
334.6	120	83	53
334.8	133	94	60
335	139	99	64
335.2	139	98	63
335.4	138	98	63
335.6	138	97	62
335.8	143	99	63
336	161	112	71
336.2	168	118	75
336.4	159	110	70
336.6	140	98	63
336.8	118	83	54
337	114	84	55
337.2	114	86	58
337.4	119	88	58
337.6	136	101	66
337.8	150	109	72
338	151	108	70
338.2	152	108	70
338.4	162	116	75
338.6	174	124	80
338.8	176	126	82
339	173	123	80
339.2	171	122	80
339.4	156	113	74
339.6	142	104	68
339.8	148	107	70
340	161	116	76
340.2	156	111	73
340.4	159	113	73
340.6	157	112	73
340.8	148	105	68
341	136	96	63
341.2	134	96	63
341.4	132	98	65
341.6	124	94	63
341.8	116	88	59
342	116	85	56
342.2	119	83	54
342.4	123	84	53
342.6	125	85	54
342.8	130	90	57
343	131	92	59
343.2	139	99	64
343.4	153	110	72
343.6	172	125	82
343.8	179	133	88
344	169	127	85
344.2	153	114	77
344.4	149	111	74
344.6	155	113	75
344.8	161	116	77
345	153	111	73
345.2	146	104	69
345.4	157	112	73
345.6	157	112	73
345.8	165	116	75
346	179	127	82
346.2	180	127	83
346.4	176	125	82
346.6	174	124	81
346.8	173	124	81
347	165	118	77
347.2	160	114	75
347.4	165	118	77
347.6	179	129	84
347.8	188	136	89
348	186	134	88
348.2	189	136	89
348.4	194	140	92
348.6	189	137	91
348.8	184	133	88
349	188	136	89
349.2	195	141	93
349.4	200	145	96
349.6	204	148	98
349.8	201	145	96
350	202	146	97
350.2	206	149	99
350.4	207	150	99
350.6	203	147	97
350.8	192	140	92
351	187	134	88
351.2	180	128	84
351.4	170	119	77
351.6	167	116	75
351.8	163	113	73
352	156	109	70
352.2	149	104	67
352.4	150	106	68
352.6	155	112	72
352.8	149	108	70
353	145	105	69
353.2	154	111	72
353.4	151	106	69
353.6	143	100	65
353.8	142	102	66
354	140	102	66
354.2	142	103	68
354.4	134	97	64
354.6	121	82	54
354.8	126	84	54
355	124	87	57
355.2	110	77	52
355.4	117	80	52
355.6	139	96	62
355.8	157	111	72
356	165	120	79
356.2	158	116	76
356.4	154	113	75
356.6	154	112	73
356.8	154	108	70
357	162	111	71
357.2	162	111	71
357.4	162	114	73
357.6	162	117	76
357.8	166	121	79
358	156	112	74
358.2	142	102	67
358.4	134	97	64
358.6	127	93	61
358.8	120	88	59
359	123	90	59
359.2	133	97	64
359.4	136	99	65
359.6	131	96	63
359.8	125	92	61
360	128	94	62
360.2	127	92	61
360.4	135	97	63
360.6	150	108	70
360.8	152	109	71
361	146	106	69
361.2	145	105	68
361.4	144	103	67
361.6	137	96	62
361.8	130	91	59
362	130	94	61
362.2	129	93	61
362.4	132	96	64
362.6	132	97	64
362.8	134	98	65
363	136	100	66
363.2	138	101	66
363.4	137	100	66
363.6	134	98	65
363.8	133	98	65
364	133	98	64
364.2	129	95	62
364.4	125	92	60
364.6	131	96	63
364.8	134	100	66
365	132	97	64
365.2	134	99	65
365.4	145	107	70
365.6	140	102	67
365.8	133	96	63
366	133	96	63
366.2	135	98	64
366.4	137	100	66
366.6	143	104	69
366.8	151	109	72
367	160	115	75
367.2	165	119	78
367.4	149	107	70
367.6	132	94	62
367.8	132	94	62
368	135	98	64
368.2	140	102	67
368.4	140	103	67
368.6	142	105	69
368.8	144	106	70
369	143	105	69
369.2	141	103	68
369.4	142	105	69
369.6	144	106	70
369.8	143	106	70
370	140	103	68
370.2	136	100	66
370.4	134	99	65
370.6	129	95	63
370.8	127	93	61
371	131	96	62
371.2	135	99	65
371.4	136	100	66
371.6	134	99	66
371.8	135	99	65
372	138	101	66
372.2	137	99	64
372.4	137	99	64
372.6	132	95	62
372.8	125	90	59
373	119	86	56
373.2	134	97	63
373.4	142	103	67
373.6	145	105	68
373.8	144	104	68
374	143	103	67
374.2	144	103	66
374.4	133	96	62
374.6	124	90	58
374.8	124	89	58
375	142	100	64
375.2	184	132	84
375.4	194	141	92
375.6	172	124	82
375.8	144	103	68
376	126	90	59
376.2	119	86	55
376.4	123	89	58
376.6	122	89	57
376.8	120	87	56
377	121	89	57
377.2	115	84	54
377.4	106	77	50
377.6	130	92	58
377.8	165	116	73
378	171	119	76
378.2	149	103	66
378.4	135	95	61
378.6	134	96	62
378.8	134	96	62
379	127	91	58
379.2	121	86	55
379.4	123	87	55
379.6	127	90	57
379.8	127	90	57
380	127	90	57
380.2	131	94	60
380.4	133	96	61
380.6	132	96	62
380.8	124	89	58
381	116	84	54
381.2	108	79	51
381.4	102	73	47
381.6	115	80	50
381.8	135	93	57
382	148	102	63
382.2	153	105	65
382.4	155	107	67
382.6	154	107	67
382.8	151	104	66
383	150	104	66
383.2	143	100	64
383.4	140	97	62
383.6	138	96	62
383.8	146	102	65
384	152	108	70
384.2	139	99	64
384.4	128	90	58
384.6	123	88	56
384.8	123	88	57
385	131	94	61
385.2	137	99	65
385.4	130	95	62
385.6	123	89	58
385.8	119	86	56
386	115	84	56
386.2	110	82	54
386.4	107	76	50
386.6	109	75	48
386.8	114	74	47
387	116	74	46
387.2	116	73	46
387.4	116	74	46
387.6	104	68	43
387.8	104	72	46
388	117	86	55
388.2	129	95	62
388.4	132	98	64
388.6	137	102	68
388.8	144	108	71
389	146	110	73
389.2	147	110	73
389.4	149	111	74
389.6	148	110	73
389.8	144	107	71
390	137	101	67
390.2	135	100	66
390.4	129	96	63
390.6	125	93	62
390.8	120	90	60
391	115	87	58
391.2	108	82	55
391.4	109	81	54
391.6	117	86	57
391.8	125	92	60
392	140	102	67
392.2	159	118	77
392.4	173	129	84
392.6	186	138	90
392.8	193	145	95
393	180	135	88
393.2	158	117	77
393.4	144	105	68
393.6	137	99	64
393.8	127	90	58
394	119	84	53
394.2	114	80	51
394.4	112	78	50
394.6	112	79	50
394.8	111	78	50
395	113	81	52
395.2	115	83	54
395.4	117	84	54
395.6	118	86	56
395.8	122	89	58
396	126	93	60
396.2	122	89	58
396.4	121	88	57
396.6	126	92	60
396.8	120	86	55
397	106	75	48
397.2	101	72	46
397.4	100	71	45
397.6	114	81	51
397.8	127	90	57
398	128	90	58
398.2	122	87	55
398.4	118	85	54
398.6	115	83	53
398.8	106	78	51
399	97	73	48
399.2	100	74	48
399.4	100	75	49
399.6	98	74	49
399.8	100	75	49
400	100	74	49
400.2	97	72	47
400.4	92	69	45
400.6	91	67	44
400.8	91	67	44
401	90	67	44
401.2	88	65	42
401.4	94	67	42
401.6	106	74	47
401.8	102	73	46
402	108	78	50
402.2	123	89	56
402.4	135	97	62
402.6	132	95	61
402.8	118	85	55
403	126	91	58
403.2	127	91	59
403.4	112	79	51
403.6	103	72	46
403.8	104	72	46
404	108	76	49
404.2	104	76	50
404.4	95	68	44
404.6	88	61	39
404.8	82	56	36
405	77	53	32
405.2	75	51	31
405.4	78	54	33
405.6	91	64	40
405.8	102	73	46
406	108	78	50
406.2	106	77	49
406.4	107	77	49
406.6	100	72	46
406.8	93	67	43
407	91	65	42
407.2	91	65	42
407.4	89	63	40
407.6	91	63	40
407.8	96	67	42
408	108	75	47
408.2	114	80	50
408.4	122	86	54
408.6	121	86	55
408.8	111	78	50
409	98	68	43
409.2	96	67	42
409.4	101	71	45
409.6	100	71	46
409.8	99	71	45
410	100	71	46
410.2	97	69	44
410.4	103	72	45
410.6	114	79	50
410.8	131	90	56
411	143	98	62
411.2	148	102	64
411.4	153	108	70
411.6	160	116	76
411.8	175	128	83
412	178	129	84
412.2	166	119	78
412.4	154	111	73
412.6	139	101	66
412.8	141	104	68
413	148	110	72
413.2	162	118	77
413.4	167	123	81
413.6	151	111	73
413.8	134	97	64
414	123	88	57
414.2	135	95	61
414.4	159	115	75
414.6	167	120	78
414.8	174	124	80
415	177	126	82
415.2	170	121	79
415.4	157	112	73
415.6	139	98	64
415.8	130	92	60
416	149	106	69
416.2	174	125	81
416.4	176	128	84
416.6	160	115	76
416.8	135	95	63
417	112	78	51
417.2	100	69	45
417.4	95	65	42
417.6	90	63	41
417.8	83	59	39
418	94	66	42
418.2	117	83	52
418.4	119	85	55
418.6	106	76	49
418.8	92	67	43
419	101	72	46
419.2	119	85	55
419.4	127	91	59
419.6	128	92	60
419.8	125	90	58
420	128	92	59
420.2	138	100	64
420.4	136	99	64
420.6	133	97	63
420.8	133	97	63
421	128	94	61
421.2	131	96	63
421.4	134	98	64
421.6	125	90	58
421.8	111	79	51
422	118	85	55
422.2	119	84	54
422.4	124	87	55
422.6	109	77	49
422.8	78	56	35
423	80	55	33
423.2	97	66	40
423.4	96	66	42
423.6	95	66	42
423.8	92	65	41
424	80	56	35
424.2	75	52	32
424.4	85	59	37
424.6	102	71	45
424.8	114	80	51
425	112	79	51
425.2	101	71	46
425.4	104	73	47
425.6	114	82	53
425.8	110	80	52
426	94	67	44
426.2	84	60	38
426.4	98	68	43
426.6	113	79	50
426.8	118	82	53
427	137	97	62
427.2	141	100	65
427.4	138	97	63
427.6	134	95	62
427.8	116	84	55
428	107	76	49
428.2	124	88	56
428.4	137	99	64
428.6	146	108	71
428.8	147	111	74
429	134	100	67
429.2	122	90	60
429.4	115	85	56
429.6	114	84	55
429.8	116	84	55
430	118	84	54
430.2	116	82	52
430.4	117	81	52
430.6	124	86	54
430.8	136	94	59
431	143	98	62
431.2	148	102	65
431.4	151	103	65
431.6	158	107	68
431.8	160	110	70
432	152	103	65
432.2	147	99	62
432.4	140	93	59
432.6	130	86	54
432.8	124	82	52
433	117	77	49
433.2	107	70	45
433.4	99	65	42
433.6	90	60	38
433.8	84	56	35
434	92	62	40
434.2	101	72	47
434.4	107	77	50
434.6	120	88	59
434.8	130	97	65
435	136	104	70
435.2	134	103	69
435.4	132	100	67
435.6	133	102	69
435.8	132	102	70
436	132	104	70
436.2	132	104	70
436.4	127	99	67
436.6	114	89	61
436.8	116	89	60
437	115	88	59
437.2	103	77	51
437.4	100	75	50
437.6	102	77	51
437.8	117	87	57
438	134	99	65
438.2	140	104	68
438.4	138	103	68
438.6	136	101	66
438.8	132	98	65
439	128	95	63
439.2	126	93	61
439.4	123	91	61
439.6	121	89	60
439.8	120	89	60
440	120	90	60
440.2	120	89	59
440.4	122	90	60
440.6	133	99	65
440.8	136	100	66
441	138	101	67
441.2	134	98	65
441.4	132	96	63
441.6	138	102	67
441.8	138	100	66
442	129	94	62
442.2	120	89	59
442.4	114	85	56
442.6	118	87	57
442.8	129	94	61
443	134	96	62
443.2	144	105	68
443.4	176	130	86
443.6	188	138	91
443.8	175	127	83
444	151	108	72
444.2	125	88	57
444.4	117	83	53
444.6	133	96	61
444.8	139	100	64
445	137	98	63
445.2	150	108	69
445.4	170	123	80
445.6	185	135	88
445.8	189	138	91
446	178	130	85
446.2	159	114	74
446.4	138	98	64
446.6	116	84	54
446.8	106	76	49
447	122	87	54
447.2	173	123	77
447.4	210	150	97
447.6	194	139	91
447.8	164	116	76
448	140	98	64
448.2	134	94	60
448.4	148	105	67
448.6	157	110	71
448.8	145	101	65
449	126	87	56
449.2	128	89	57
449.4	150	104	66
449.6	160	111	70
449.8	145	102	65
450	118	83	53
450.2	99	70	45
450.4	91	65	41
450.6	89	64	41
450.8	85	61	39
451	87	62	40
451.2	98	71	45
451.4	104	75	48
451.6	108	78	50
451.8	118	85	54
452	137	98	62
452.2	160	113	72
452.4	162	115	74
452.6	145	104	67
452.8	146	106	69
453	146	105	69
453.2	131	94	61
453.4	137	98	62
453.6	171	121	77
453.8	195	140	90
454	187	133	86
454.2	164	116	75
454.4	138	97	63
454.6	118	83	54
454.8	102	72	46
455	101	72	46
455.2	111	79	50
455.4	107	76	48
455.6	100	71	46
455.8	118	85	54
456	140	102	65
456.2	141	102	66
456.4	145	105	68
456.6	162	116	75
456.8	169	117	75
457	159	108	69
457.2	147	102	66
457.4	129	93	60
457.6	118	85	55
457.8	133	95	61
458	130	92	60
458.2	114	80	52
458.4	121	87	56
458.6	115	82	53
458.8	102	72	46
459	107	77	49
459.2	122	88	57
459.4	127	93	61
459.6	122	90	59
459.8	122	90	59
460	109	79	52
460.2	97	70	46
460.4	96	70	46
460.6	110	80	51
460.8	135	96	61
461	146	104	66
461.2	152	110	71
461.4	161	115	74
461.6	162	116	74
461.8	178	127	82
462	189	135	87
462.2	176	127	82
462.4	160	114	74
462.6	145	104	67
462.8	133	95	61
463	137	96	61
463.2	173	121	76
463.4	193	137	87
463.6	196	139	89
463.8	197	141	90
464	197	140	89
464.2	189	135	87
464.4	177	126	81
464.6	169	120	77
464.8	162	116	75
465	154	109	71
465.2	148	105	67
465.4	145	103	66
465.6	138	98	63
465.8	124	88	57
466	116	81	53
466.2	109	75	49
466.4	102	71	46
466.6	100	71	45
466.8	101	72	46
467	102	72	46
467.2	99	70	45
467.4	99	69	44
467.6	102	71	45
467.8	101	70	45
468	100	70	45
468.2	107	76	49
468.4	112	81	52
468.6	115	83	53
468.8	123	90	58
469	128	93	60
469.2	142	104	68
469.4	143	104	68
469.6	132	97	64
469.8	124	92	61
470	121	91	60
470.2	114	84	56
470.4	117	88	58
470.6	126	93	62
470.8	119	88	58
471	109	80	52
471.2	124	89	57
471.4	136	97	62
471.6	150	106	67
471.8	145	102	64
472	152	106	67
472.2	153	108	68
472.4	142	100	64
472.6	120	84	54
472.8	95	65	42
473	88	60	38
473.2	96	66	42
473.4	110	78	50
473.6	124	90	58
473.8	125	91	59
474	124	90	58
474.2	130	93	59
474.4	145	101	63
474.6	168	116	73
474.8	151	105	67
475	124	85	54
475.2	113	77	49
475.4	101	70	44
475.6	101	71	45
475.8	116	82	52
476	146	105	66
476.2	168	121	78
476.4	174	123	79
476.6	189	133	85
476.8	210	150	97
477	213	153	100
477.2	196	141	92
477.4	188	135	88
477.6	182	132	86
477.8	168	122	80
478	164	120	78
478.2	162	117	77
478.4	144	105	69
478.6	124	91	60
478.8	103	74	48
479	97	67	42
479.2	102	72	45
479.4	110	77	48
479.6	118	82	51
479.8	114	79	50
480	113	78	49
480.2	102	71	45
480.4	97	68	42
480.6	98	69	43
480.8	91	63	38
481	108	74	45
481.2	121	83	51
481.4	140	94	58
481.6	154	105	64
481.8	150	102	63
482	129	88	55
482.2	124	85	53
482.4	124	87	55
482.6	121	84	53
482.8	126	87	55
483	132	92	58
483.2	133	93	59
483.4	139	98	62
483.6	148	105	66
483.8	146	102	65
484	135	94	59
484.2	132	91	57
484.4	131	89	55
484.6	122	83	52
484.8	110	75	46
485	112	78	48
485.2	117	83	52
485.4	134	93	57
485.6	147	101	62
485.8	147	102	63
486	144	99	62
486.2	137	95	59
486.4	141	98	61
486.6	169	120	75
486.8	179	126	79
487	167	116	73
487.2	154	106	66
487.4	140	97	61
487.6	130	90	56
487.8	130	89	55
488	132	89	55
488.2	122	83	51
488.4	102	70	44
488.6	96	66	41
488.8	105	73	45
489	113	78	49
489.2	119	82	50
489.4	118	81	50
489.6	115	79	49
489.8	116	80	50
490	112	77	48
490.2	100	69	43
490.4	93	64	39
490.6	102	70	43
490.8	123	85	52
491	139	96	60
491.2	126	87	55
491.4	112	76	47
491.6	128	86	53
491.8	137	92	58
492	117	80	50
492.2	99	68	42
492.4	94	63	38
492.6	90	60	37
492.8	87	60	36
493	106	71	43
493.2	114	78	48
493.4	107	73	45
493.6	109	75	46
493.8	111	77	48
494	116	81	50
494.2	114	81	51
494.4	104	73	46
494.6	89	62	39
494.8	87	62	39
495	96	69	44
495.2	113	80	50
495.4	130	92	57
495.6	142	100	64
495.8	149	105	67
496	158	112	71
496.2	153	108	70
496.4	138	98	63
496.6	138	99	64
496.8	150	109	71
497	154	113	74
497.2	156	113	73
497.4	156	112	73
497.6	154	110	71
497.8	146	103	67
498	131	93	60
498.2	116	82	53
498.4	101	71	46
498.6	92	65	42
498.8	94	67	43
499	105	75	48
499.2	119	84	54
499.4	127	91	58
499.6	131	93	60
499.8	122	88	57
500	117	84	54
500.2	118	84	54
500.4	120	87	56
500.6	127	92	59
500.8	139	101	65
501	149	109	71
501.2	148	108	71
501.4	142	105	69
501.6	128	94	62
501.8	108	79	52
502	106	75	48
502.2	115	81	51
502.4	138	96	59
502.6	171	120	75
502.8	192	136	87
503	201	145	93
503.2	198	142	92
503.4	171	121	79
503.6	148	103	65
503.8	153	106	66
504	155	107	67
504.2	153	106	67
504.4	147	102	65
504.6	150	105	66
504.8	163	116	74
505	160	115	75
505.2	151	109	70
505.4	162	116	75
505.6	164	118	76
505.8	149	106	68
506	142	100	64
506.2	144	99	62
506.4	151	107	67
506.6	147	104	66
506.8	153	107	67
507	147	102	64
507.2	128	87	55
507.4	120	83	52
507.6	137	95	59
507.8	168	117	73
508	210	148	93
508.2	230	164	105
508.4	222	160	103
508.6	199	144	94
508.8	168	121	79
509	145	104	68
509.2	129	92	59
509.4	116	82	52
509.6	111	79	50
509.8	121	85	53
510	129	90	57
510.2	123	86	54
510.4	122	85	53
510.6	124	87	55
510.8	107	75	47
511	81	56	36
511.2	77	54	34
511.4	89	63	40
511.6	95	67	42
511.8	98	70	44
512	108	76	48
512.2	126	88	56
512.4	144	101	64
512.6	146	102	64
512.8	149	104	66
513	139	97	61
513.2	147	100	62
513.4	163	110	68
513.6	165	113	71
513.8	157	108	68
514	158	108	68
514.2	167	112	70
514.4	166	111	69
514.6	158	108	68
514.8	126	86	55
515	113	77	49
515.2	144	106	68
515.4	137	102	68
515.6	103	78	52
515.8	83	61	40
516	108	77	49
516.2	124	90	58
516.4	119	86	56
516.6	126	93	60
516.8	150	111	73
517	145	106	71
517.2	132	95	62
517.4	133	96	63
517.6	133	96	63
517.8	136	98	64
518	145	108	71
518.2	153	115	76
518.4	166	125	83
518.6	190	145	97
518.8	191	147	99
519	158	121	81
519.2	150	114	76
519.4	160	123	82
519.6	174	135	90
519.8	184	141	94
520	183	140	93
520.2	179	136	91
520.4	170	129	87
520.6	161	122	82
520.8	153	116	78
521	146	109	74
521.2	139	104	70
521.4	134	100	67
521.6	132	98	66
521.8	127	94	63
522	144	107	70
522.2	146	106	70
522.4	139	101	67
522.6	138	99	65
522.8	139	99	65
523	141	101	66
523.2	143	103	67
523.4	142	102	67
523.6	140	102	67
523.8	130	96	64
524	116	87	58
524.2	124	93	61
524.4	147	109	71
524.6	151	112	74
524.8	146	109	72
525	143	105	70
525.2	143	106	70
525.4	149	112	74
525.6	165	126	85
525.8	160	121	81
526	152	115	76
526.2	171	130	86
526.4	204	157	104
526.6	207	159	108
526.8	184	141	96
527	162	124	84
527.2	151	115	78
527.4	139	103	69
527.6	142	106	70
527.8	145	110	73
528	147	111	73
528.2	147	110	72
528.4	139	103	68
528.6	142	104	69
528.8	144	105	69
529	140	104	68
529.2	144	107	70
529.4	143	106	70
529.6	127	95	63
529.8	121	91	60
530	132	98	64
530.2	150	109	71
530.4	159	116	76
530.6	154	112	75
530.8	128	91	61
531	119	84	55
531.2	127	91	60
531.4	110	77	52
531.6	108	75	50
531.8	119	82	54
532	139	100	66
532.2	142	104	69
532.4	139	100	66
532.6	165	121	78
532.8	188	142	94
533	176	133	89
533.2	167	125	83
533.4	175	131	86
533.6	188	143	95
533.8	194	149	100
534	195	150	101
534.2	193	150	101
534.4	183	143	97
534.6	174	136	91
534.8	181	140	94
535	190	147	99
535.2	191	149	100
535.4	192	150	101
535.6	197	154	103
535.8	195	152	102
536	181	140	95
536.2	171	130	86
536.4	185	140	92
536.6	202	155	104
536.8	206	159	107
537	201	154	104
537.2	192	147	99
537.4	185	142	96
537.6	180	140	94
537.8	171	134	91
538	181	139	93
538.2	204	152	99
538.4	217	161	105
538.6	212	158	103
538.8	198	147	97
539	199	147	97
539.2	196	146	97
539.4	198	147	97
539.6	214	160	105
539.8	221	166	110
540	225	168	112
540.2	219	165	110
540.4	193	147	99
540.6	188	139	92
540.8	225	167	110
541	232	174	116
541.2	219	164	110
541.4	193	144	96
541.6	174	128	85
541.8	157	114	75
542	145	104	68
542.2	144	103	68
542.4	141	101	66
542.6	143	103	67
542.8	144	105	69
543	145	104	68
543.2	170	123	79
543.4	214	158	103
543.6	234	177	118
543.8	241	183	122
544	250	191	128
544.2	245	186	124
544.4	250	191	127
544.6	250	191	127
544.8	251	192	128
545	251	194	130
545.2	233	178	120
545.4	222	167	111
545.6	239	181	120
545.8	244	185	124
546	244	185	123
546.2	243	184	123
546.4	240	180	120
546.6	244	182	121
546.8	241	179	119
547	235	174	116
547.2	236	174	114
547.4	238	176	116
547.6	233	173	114
547.8	230	170	112
548	225	164	108
548.2	218	158	104
548.4	195	141	93
548.6	185	130	84
548.8	211	150	97
549	225	163	106
549.2	222	161	106
549.4	210	150	98
549.6	212	150	97
549.8	212	152	100
550	210	150	98
550.2	208	149	98
550.4	211	152	100
550.6	209	151	100
550.8	206	148	98
551	204	147	97
551.2	200	144	96
551.4	199	145	96
551.6	194	142	94
551.8	189	137	91
552	184	133	88
552.2	181	129	85
552.4	180	128	84
552.6	183	131	86
552.8	183	132	88
553	175	126	84
553.2	171	123	81
553.4	166	119	79
553.6	166	118	77
553.8	161	114	75
554	148	103	67
554.2	141	96	62
554.4	138	94	61
554.6	125	85	55
554.8	110	74	47
555	109	72	46
555.2	110	74	47
555.4	105	70	44
555.6	109	73	46
555.8	135	93	58
556	161	115	74
556.2	135	96	63
556.4	111	75	48
556.6	118	81	50
556.8	112	77	48
557	112	77	48
557.2	123	86	54
557.4	121	87	56
557.6	115	85	55
557.8	112	84	55
558	106	79	52
558.2	99	73	48
558.4	91	68	44
558.6	88	66	43
558.8	99	73	47
559	114	83	53
559.2	126	90	58
559.4	128	91	58
559.6	134	95	60
559.8	132	94	60
560	128	91	57
560.2	136	94	59
560.4	139	96	60
560.6	135	94	59
560.8	134	94	59
561	138	97	61
561.2	140	98	63
561.4	139	98	63
561.6	140	99	63
561.8	143	101	64
562	145	103	66
562.2	148	105	66
562.4	147	103	65
562.6	145	101	64
562.8	133	93	59
563	114	80	52
563.2	108	76	48
563.4	128	88	54
563.6	145	100	62
563.8	157	108	67
564	170	117	74
564.2	170	117	75
564.4	155	108	68
564.6	143	99	62
564.8	148	100	63
565	156	105	65
565.2	162	109	68
565.4	163	110	69
565.6	157	106	67
565.8	150	100	64
566	146	97	62
566.2	136	91	59
566.4	117	79	52
566.6	86	57	38
566.8	67	43	27
567	66	42	26
567.2	65	41	26
567.4	63	40	25
567.6	60	37	23
567.8	59	37	23
568	72	46	29
568.2	82	55	35
568.4	73	48	31
568.6	73	48	30
568.8	101	69	44
569	123	86	56
569.2	126	88	57
569.4	131	93	60
569.6	134	95	62
569.8	132	94	62
570	130	93	60
570.2	136	96	62
570.4	138	99	64
570.6	142	102	66
570.8	167	120	78
571	181	131	85
571.2	170	123	81
571.4	151	109	71
571.6	126	91	60
571.8	103	75	49
572	93	69	46
572.2	95	72	47
572.4	98	74	49
572.6	96	71	46
572.8	90	66	43
573	82	58	37
573.2	88	62	40
573.4	97	71	45
573.6	111	80	51
573.8	136	97	62
574	147	104	67
574.2	142	101	65
574.4	138	99	63
574.6	142	102	65
574.8	136	97	62
575	132	93	59
575.2	138	98	62
575.4	149	105	66
575.6	155	109	70
575.8	142	100	64
576	131	91	58
576.2	120	83	53
576.4	107	75	48
576.6	103	73	47
576.8	104	74	47
577	108	78	50
577.2	109	79	51
577.4	109	78	50
577.6	111	80	52
577.8	111	79	51
578	107	76	49
578.2	109	78	50
578.4	112	80	52
578.6	112	81	52
578.8	113	82	53
579	120	88	57
579.2	132	96	61
579.4	138	98	63
579.6	132	92	59
579.8	118	83	53
580	106	75	49
580.2	101	73	47
580.4	109	78	50
580.6	115	82	53
580.8	117	83	53
581	127	90	57
581.2	135	96	61
581.4	134	96	61
581.6	134	96	61
581.8	133	96	62
582	129	94	61
582.2	121	89	58
582.4	114	85	55
582.6	111	82	53
582.8	106	78	51
583	100	73	48
583.2	109	79	51
583.4	122	89	58
583.6	122	89	58
583.8	116	84	54
584	124	89	56
584.2	149	106	67
584.4	171	123	80
584.6	172	125	82
584.8	175	126	83
585	175	127	83
585.2	158	115	76
585.4	140	102	68
585.6	134	98	64
585.8	130	94	61
586	129	92	59
586.2	131	95	61
586.4	133	98	64
586.6	137	104	69
586.8	138	106	71
587	136	105	70
587.2	127	100	69
587.4	121	95	64
587.6	125	95	63
587.8	124	92	61
588	123	90	59
588.2	117	85	56
588.4	110	79	52
588.6	117	83	54
588.8	120	86	55
589	126	90	58
589.2	135	96	61
589.4	138	98	62
589.6	134	95	60
589.8	123	89	57
590	106	76	49
590.2	112	78	50
590.4	137	96	61
590.6	143	100	64
590.8	130	91	59
591	106	73	48
591.2	100	69	44
591.4	105	76	50
591.6	109	81	53
591.8	124	91	60
592	149	109	71
592.2	164	120	79
592.4	153	111	73
592.6	131	94	62
592.8	114	83	54
593	109	78	50
593.2	115	83	53
593.4	118	86	56
593.6	113	84	55
593.8	108	81	54
594	107	80	53
594.2	110	83	55
594.4	118	88	58
594.6	129	95	62
594.8	137	100	65
595	139	101	66
595.2	135	98	64
595.4	130	95	63
595.6	127	93	61
595.8	124	90	59
596	132	97	64
596.2	143	106	70
596.4	144	105	70
596.6	136	98	64
596.8	135	98	64
597	139	102	68
597.2	145	109	73
597.4	149	111	75
597.6	164	124	83
597.8	176	133	90
598	171	128	86
598.2	164	121	81
598.4	150	111	74
598.6	133	98	66
598.8	128	95	63
599	129	97	65
599.2	129	97	65
599.4	123	91	61
599.6	115	85	56
599.8	109	80	53
600	103	76	50
600.2	98	72	48
600.4	98	73	48
600.6	94	69	45
600.8	101	71	44
601	135	96	60
601.2	141	102	66
601.4	137	99	64
601.6	137	98	64
601.8	134	96	62
602	130	94	61
602.2	126	93	62
602.4	122	92	62
602.6	120	91	61
602.8	115	87	58
603	113	85	57
603.2	109	82	55
603.4	110	83	55
603.6	108	81	54
603.8	112	81	53
604	123	89	58
604.2	129	93	61
604.4	131	95	62
604.6	133	95	62
604.8	134	96	62
605	137	98	63
605.2	139	99	64
605.4	141	101	65
605.6	142	102	66
605.8	142	102	66
606	142	102	66
606.2	151	108	70
606.4	154	111	72
606.6	161	116	75
606.8	164	119	78
607	155	112	74
607.2	146	106	69
607.4	140	101	67
607.6	128	93	61
607.8	118	85	55
608	109	77	50
608.2	97	67	44
608.4	93	64	41
608.6	88	61	39
608.8	85	58	37
609	84	58	37
609.2	87	62	40
609.4	99	74	48
609.6	110	84	57
609.8	111	87	59
610	109	85	58
610.2	104	80	54
610.4	106	81	54
610.6	109	82	54
610.8	112	84	56
611	117	87	57
611.2	124	91	60
611.4	123	91	60
611.6	121	91	61
611.8	127	96	64
612	126	95	64
612.2	120	90	60
612.4	113	85	57
612.6	117	89	60
612.8	114	88	60
613	115	88	60
613.2	113	87	59
613.4	112	86	58
613.6	110	84	56
613.8	108	83	55
614	106	81	54
614.2	106	80	53
614.4	111	83	55
614.6	114	85	57
614.8	118	88	58
615	124	92	61
615.2	134	100	66
615.4	135	101	67
615.6	136	102	68
615.8	135	101	67
616	138	102	68
616.2	145	108	72
616.4	139	104	69
616.6	128	96	64
616.8	121	92	62
617	120	91	61
617.2	120	90	60
617.4	119	89	60
617.6	116	87	58
617.8	116	87	58
618	126	93	61
618.2	135	99	65
618.4	149	109	71
618.6	174	128	83
618.8	188	138	91
619	189	139	93
619.2	167	123	82
619.4	155	114	76
619.6	153	112	73
619.8	160	117	77
620	171	126	83
620.2	183	136	90
620.4	191	142	95
620.6	193	144	96
620.8	193	144	97
621	200	149	100
621.2	213	159	107
621.4	216	163	110
621.6	211	158	107
621.8	205	154	104
622	193	144	97
622.2	188	140	94
622.4	182	136	92
622.6	164	120	80
622.8	170	124	82
623	177	129	85
623.2	162	117	78
623.4	139	100	67
623.6	118	84	56
623.8	108	77	51
624	104	74	48
624.2	98	69	45
624.4	92	65	42
624.6	97	70	45
624.8	114	86	58
625	127	94	63
625.2	128	94	62
625.4	114	87	59
625.6	108	83	56
625.8	108	83	56
626	111	83	56
626.2	120	89	59
626.4	134	100	66
626.6	141	104	69
626.8	148	109	71
627	151	112	74
627.2	155	114	75
627.4	164	120	78
627.6	170	123	80
627.8	178	130	85
628	180	132	86
628.2	170	124	81
628.4	160	116	76
628.6	146	106	69
628.8	143	103	67
629	178	132	86
629.2	194	145	96
629.4	217	163	108
629.6	240	181	121
629.8	241	181	122
630	221	165	112
630.2	194	143	96
630.4	166	121	81
630.6	148	107	71
630.8	146	108	71
631	148	110	72
631.2	150	113	75
631.4	156	118	78
631.6	153	114	76
631.8	136	102	67
632	125	91	60
632.2	123	91	60
632.4	117	88	59
632.6	111	84	56
632.8	112	83	55
633	124	88	57
633.2	131	93	60
633.4	123	89	58
633.6	118	85	55
633.8	124	90	58
634	129	94	61
634.2	124	90	59
634.4	121	88	57
634.6	142	103	66
634.8	159	116	75
635	156	116	77
635.2	142	105	70
635.4	126	94	62
635.6	115	86	58
635.8	111	83	56
636	102	76	51
636.2	101	73	48
636.4	112	80	51
636.6	127	90	57
636.8	143	102	65
637	153	110	72
637.2	130	95	62
637.4	116	85	56
637.6	115	84	55
637.8	111	81	53
638	118	86	55
638.2	137	100	65
638.4	152	113	74
638.6	148	109	72
638.8	133	98	65
639	131	97	64
639.2	126	93	61
639.4	134	96	62
639.6	159	114	74
639.8	179	130	84
640	192	140	92
640.2	202	148	97
640.4	223	165	108
640.6	248	187	124
640.8	243	182	122
641	222	164	110
641.2	197	142	95
641.4	175	124	82
641.6	158	112	73
641.8	141	102	67
642	145	106	70
642.2	159	117	77
642.4	144	106	71
642.6	131	97	64
642.8	135	99	65
643	144	105	68
643.2	151	109	71
643.4	150	108	70
643.6	135	96	63
643.8	115	81	53
644	112	80	52
644.2	122	87	56
644.4	151	106	67
644.6	160	112	71
644.8	159	111	71
645	158	110	70
645.2	168	117	75
645.4	168	116	74
645.6	168	114	72
645.8	169	114	72
646	169	113	71
646.2	165	110	69
646.4	156	104	66
646.6	142	96	61
646.8	121	81	52
647	112	75	48
647.2	107	71	46
647.4	106	70	44
647.6	100	67	43
647.8	100	66	42
648	112	75	47
648.2	142	101	65
648.4	173	129	85
648.6	181	135	90
648.8	197	147	98
649	202	152	102
649.2	179	134	90
649.4	161	119	79
649.6	170	126	84
649.8	165	124	84
650	150	113	76
650.2	140	107	72
650.4	128	97	66
650.6	120	92	63
650.8	118	90	61
651	121	91	61
651.2	122	90	60
651.4	125	93	61
651.6	144	107	70
651.8	163	121	79
652	165	122	81
652.2	159	118	79
652.4	153	114	76
652.6	151	111	72
652.8	162	117	75
653	178	127	82
653.2	190	135	86
653.4	197	140	89
653.6	192	133	84
653.8	194	137	87
654	193	138	88
654.2	190	135	86
654.4	181	129	83
654.6	170	121	77
654.8	166	118	76
655	160	113	72
655.2	155	109	70
655.4	149	105	67
655.6	137	96	61
655.8	128	90	58
656	123	88	56
656.2	123	90	59
656.4	129	94	61
656.6	148	109	71
656.8	173	128	84
657	186	137	90
657.2	182	134	89
657.4	181	134	88
657.6	186	136	89
657.8	189	138	90
658	187	137	90
658.2	181	132	87
658.4	166	121	80
658.6	150	109	72
658.8	131	94	61
659	127	91	59
659.2	129	92	60
659.4	132	97	63
659.6	139	103	68
659.8	142	104	68
660	144	104	68
660.2	143	105	68
660.4	141	103	67
660.6	145	104	68
660.8	147	107	70
661	143	104	68
661.2	142	102	67
661.4	136	99	65
661.6	140	103	67
661.8	154	114	75
662	169	125	83
662.2	179	132	88
662.4	179	133	88
662.6	177	132	88
662.8	177	132	88
663	176	131	87
663.2	177	132	88
663.4	178	134	90
663.6	180	136	92
663.8	181	138	94
664	186	144	97
664.2	193	149	101
664.4	205	158	107
664.6	207	160	109
664.8	201	155	105
665	190	145	98
665.2	180	136	92
665.4	174	131	88
665.6	166	124	83
665.8	160	117	78
666	157	115	76
666.2	153	113	76
666.4	152	111	74
666.6	163	121	80
666.8	167	124	83
667	165	121	80
667.2	163	119	79
667.4	164	121	80
667.6	164	124	83
667.8	160	121	81
668	158	118	79
668.2	166	124	82
668.4	174	131	88
668.6	184	138	93
668.8	182	137	91
669	174	128	86
669.2	166	121	80
669.4	172	126	83
669.6	189	141	93
669.8	203	153	102
670	192	144	96
670.2	187	139	92
670.4	203	151	100
670.6	216	163	108
670.8	215	162	109
671	194	145	97
671.2	171	125	82
671.4	168	122	80
671.6	162	117	77
671.8	165	118	77
672	173	124	81
672.2	185	134	87
672.4	203	150	99
672.6	181	135	90
672.8	166	121	79
673	182	135	89
673.2	198	148	98
673.4	220	164	108
673.6	231	172	114
673.8	240	180	119
674	248	188	125
674.2	251	192	128
674.4	242	184	123
674.6	219	163	110
674.8	228	170	113
675	237	178	119
675.2	242	183	122
675.4	249	192	128
675.6	254	200	134
675.8	244	184	123
676	244	181	119
676.2	249	188	125
676.4	251	191	127
676.6	253	195	129
676.8	254	197	131
677	254	198	132
677.2	254	201	133
677.4	254	202	134
677.6	253	198	132
677.8	252	195	129
678	252	192	127
678.2	252	189	125
678.4	253	190	125
678.6	237	176	118
678.8	217	158	104
679	237	172	113
679.2	251	186	122
679.4	246	181	119
679.6	243	178	118
679.8	247	182	119
680	247	181	119
680.2	246	179	117
680.4	246	179	117
680.6	245	178	117
680.8	245	177	116
681	245	176	115
681.2	241	172	112
681.4	232	167	109
681.6	231	164	107
681.8	229	162	106
682	227	161	104
682.2	235	167	108
682.4	235	167	109
682.6	224	159	104
682.8	218	154	100
683	219	154	100
683.2	222	156	100
683.4	225	157	102
683.6	221	156	101
683.8	217	152	99
684	212	149	96
684.2	205	143	92
684.4	203	142	92
684.6	197	138	89
684.8	181	127	82
685	176	124	80
685.2	178	127	83
685.4	168	120	79
685.6	160	113	74
685.8	156	111	72
686	147	103	67
686.2	151	105	67
686.4	149	104	67
686.6	149	104	67
686.8	146	103	66
687	142	100	64
687.2	141	99	64
687.4	145	102	66
687.6	149	105	68
687.8	148	103	66
688	142	101	65
688.2	140	98	64
688.4	139	98	63
688.6	150	104	67
688.8	167	116	75
689	177	123	80
689.2	183	128	83
689.4	187	131	84
689.6	197	138	89
689.8	201	141	92
690	201	142	93
690.2	200	142	93
690.4	202	142	93
690.6	198	140	92
690.8	196	138	90
691	194	137	90
691.2	191	135	88
691.4	193	136	88
691.6	191	135	88
691.8	191	135	88
692	185	132	87
692.2	178	127	84
692.4	174	124	81
692.6	170	120	78
692.8	165	115	75
693	167	117	76
693.2	171	119	78
693.4	166	116	75
693.6	158	110	71
693.8	153	106	68
694	147	101	65
694.2	135	92	59
694.4	131	88	56
694.6	133	89	56
694.8	137	93	59
695	135	91	58
695.2	127	85	54
695.4	128	88	56
695.6	132	92	60
695.8	140	99	64
696	148	106	69
696.2	157	115	75
696.4	165	122	80
696.6	176	131	86
696.8	184	137	90
697	183	138	92
697.2	184	139	93
697.4	191	147	99
697.6	183	142	96
697.8	168	129	87
698	161	123	83
698.2	148	113	76
698.4	140	106	71
698.6	140	104	69
698.8	142	105	69
699	137	100	66
699.2	135	99	65
699.4	139	101	66
699.6	140	102	67
699.8	140	101	66
700	142	102	67
700.2	147	105	68
700.4	152	108	69
700.6	151	107	69
700.8	153	108	70
701	156	110	71
701.2	155	110	71
701.4	150	108	70
701.6	154	111	71
701.8	169	121	78
702	171	122	79
702.2	164	117	76
702.4	166	120	77
702.6	176	128	83
702.8	178	130	85
703	180	133	87
703.2	183	136	90
703.4	181	136	90
703.6	181	136	90
703.8	189	142	94
704	192	146	97
704.2	188	144	96
704.4	182	140	94
704.6	178	137	92
704.8	170	131	89
705	161	124	84
705.2	154	118	80
705.4	150	116	79
705.6	149	115	78
705.8	148	114	77
706	148	114	77
706.2	149	114	76
706.4	152	115	76
706.6	161	120	78
706.8	176	128	83
707	187	136	87
707.2	190	138	88
707.4	191	139	90
707.6	196	144	93
707.8	190	139	91
708	177	129	84
708.2	167	120	78
708.4	161	115	75
708.6	158	113	74
708.8	158	114	74
709	157	112	73
709.2	153	108	71
709.4	150	107	70
709.6	151	107	70
709.8	153	109	71
710	152	108	70
710.2	157	112	73
710.4	154	110	72
710.6	159	114	74
710.8	166	118	78
711	166	119	78
711.2	166	119	78
711.4	167	120	79
711.6	167	119	78
711.8	165	119	78
712	168	121	79
712.2	179	130	85
712.4	187	136	90
712.6	183	135	89
712.8	180	132	87
713	184	136	90
713.2	186	136	89
713.4	194	141	91
713.6	187	136	89
713.8	170	122	79
714	162	115	74
714.2	161	115	75
714.4	170	123	79
714.6	188	139	91
714.8	191	143	94
715	185	140	93
715.2	174	132	89
715.4	163	122	82
715.6	156	114	76
715.8	160	116	76
716	166	121	79
716.2	168	123	80
716.4	184	137	90
716.6	178	132	87
716.8	172	126	82
717	188	139	92
717.2	195	144	95
717.4	198	148	98
717.6	207	158	105
717.8	204	156	105
718	200	151	101
718.2	207	157	105
718.4	191	144	97
718.6	174	130	86
718.8	171	127	84
719	176	130	86
719.2	195	145	96
719.4	204	153	101
719.6	198	149	99
719.8	203	152	101
720	220	168	112
720.2	215	166	112
720.4	207	156	105
720.6	221	168	112
720.8	222	168	112
721	214	160	107
721.2	210	158	105
721.4	199	149	99
721.6	185	136	90
721.8	178	128	84
722	182	131	86
722.2	202	148	96
722.4	224	168	112
722.6	204	152	101
722.8	195	142	93
723	226	169	112
723.2	245	186	124
723.4	238	182	123
723.6	198	149	101
723.8	169	124	82
724	164	120	79
724.2	168	122	80
724.4	172	124	81
724.6	182	131	85
724.8	214	157	102
725	234	174	115
725.2	241	182	121
725.4	247	186	124
725.6	248	186	123
725.8	247	185	123
726	243	180	119
726.2	244	181	120
726.4	243	180	120
726.6	237	176	116
726.8	233	172	114
727	233	173	115
727.2	230	171	114
727.4	219	161	107
727.6	216	158	105
727.8	223	165	110
728	222	164	109
728.2	218	160	107
728.4	211	155	103
728.6	212	155	103
728.8	209	153	102
729	206	151	100
729.2	206	150	100
729.4	203	148	98
729.6	197	144	95
729.8	194	141	93
730	194	140	93
730.2	184	133	88
730.4	173	125	82
730.6	164	117	77
730.8	164	117	77
731	166	118	77
731.2	168	119	78
731.4	166	117	77
731.6	164	116	76
731.8	166	117	77
732	169	118	77
732.2	167	117	76
732.4	163	114	74
732.6	158	111	72
732.8	153	106	69
733	141	98	64
733.2	128	90	59
733.4	125	90	59
733.6	129	93	61
733.8	130	95	62
734	132	95	62
734.2	140	101	65
734.4	140	102	66
734.6	132	96	63
734.8	126	94	62
735	128	98	66
735.2	128	99	67
735.4	118	91	62
735.6	117	91	61
735.8	118	91	61
736	114	87	57
736.2	115	84	55
736.4	125	89	57
736.6	143	100	62
736.8	156	108	68
737	163	113	71
737.2	166	115	73
737.4	163	113	72
737.6	160	112	72
737.8	162	113	72
738	150	104	67
738.2	151	103	65
738.4	166	115	73
738.6	158	110	70
738.8	144	100	64
739	117	81	53
739.2	98	68	44
739.4	104	73	47
739.6	135	98	64
739.8	163	121	79
740	175	129	85
740.2	167	123	81
740.4	152	113	75
740.6	146	109	72
740.8	149	112	73
741	148	108	71
741.2	138	98	63
741.4	144	103	65
741.6	160	117	75
741.8	172	126	81
742	174	127	81
742.2	174	127	81
742.4	176	128	82
742.6	174	128	82
742.8	171	125	81
743	165	121	78
743.2	153	112	73
743.4	144	105	69
743.6	142	104	68
743.8	139	101	66
744	134	97	63
744.2	128	93	60
744.4	123	88	57
744.6	119	86	56
744.8	108	78	50
745	100	71	46
745.2	98	70	44
745.4	104	74	47
745.6	105	74	46
745.8	106	73	45
746	116	79	48
746.2	131	88	54
746.4	141	93	57
746.6	156	102	62
746.8	162	106	64
747	155	101	61
747.2	143	95	59
747.4	141	96	59
747.6	150	104	64
747.8	156	109	68
748	144	100	64
748.2	136	95	60
748.4	141	99	63
748.6	145	103	66
748.8	133	95	61
749	117	84	54
749.2	110	80	52
749.4	107	78	50
749.6	102	72	46
749.8	107	74	46
750	123	84	52
750.2	132	91	57
750.4	131	91	57
750.6	127	88	56
750.8	126	88	56
751	127	89	57
751.2	128	89	57
751.4	128	89	57
751.6	127	89	57
751.8	128	90	57
752	126	88	56
752.2	124	86	54
752.4	135	92	57
752.6	152	104	65
752.8	147	102	65
753	122	85	54
753.2	116	80	51
753.4	128	88	56
753.6	136	94	59
753.8	143	101	64
754	150	107	68
754.2	148	105	67
754.4	138	98	64
754.6	129	93	61
754.8	119	86	56
755	114	82	54
755.2	115	83	54
755.4	117	84	54
755.6	126	90	58
755.8	141	101	65
756	142	101	65
756.2	133	94	61
756.4	134	95	61
756.6	150	108	69
756.8	155	112	73
757	174	128	83
757.2	195	146	97
757.4	184	136	91
757.6	177	129	84
757.8	198	144	94
758	208	152	100
758.2	205	150	99
758.4	191	139	92
758.6	168	122	80
758.8	157	112	73
759	150	107	70
759.2	148	105	69
759.4	141	101	66
759.6	132	96	62
759.8	132	96	62
760	124	90	58
760.2	122	87	56
760.4	117	82	52
760.6	116	81	51
760.8	127	89	56
761	139	97	61
761.2	137	97	61
761.4	137	97	62
761.6	150	107	68
761.8	162	114	72
762	161	113	71
762.2	149	105	67
762.4	137	96	61
762.6	138	97	61
762.8	143	98	61
763	143	97	61
763.2	131	89	56
763.4	124	84	53
763.6	125	87	55
763.8	140	98	61
764	151	106	67
764.2	153	108	69
764.4	154	109	69
764.6	162	115	73
764.8	161	114	74
765	158	113	73
765.2	154	109	70
765.4	148	105	67
765.6	144	103	65
765.8	138	98	64
766	126	90	58
766.2	119	85	55
766.4	120	85	55
766.6	122	87	56
766.8	124	88	56
767	127	90	58
767.2	133	94	60
767.4	142	101	65
767.6	150	106	68
767.8	155	109	70
768	150	106	69
768.2	134	95	62
768.4	128	91	59
768.6	141	101	66
768.8	154	111	73
769	161	115	75
769.2	146	101	65
769.4	148	102	66
769.6	155	107	69
769.8	159	111	71
770	157	110	71
770.2	159	111	72
770.4	159	111	72
770.6	159	111	72
770.8	159	110	71
771	160	111	72
771.2	159	113	73
771.4	173	125	81
771.6	201	148	96
771.8	212	156	101
772	212	155	101
772.2	207	152	99
772.4	192	141	92
772.6	170	123	80
772.8	139	98	64
773	129	91	59
773.2	128	90	58
773.4	125	88	56
773.6	124	87	57
773.8	124	87	56
774	143	102	66
774.2	149	108	71
774.4	134	97	64
774.6	126	92	60
774.8	122	91	59
775	116	85	56
775.2	114	82	52
775.4	146	103	65
775.6	165	116	74
775.8	146	100	65
776	136	95	61
776.2	159	113	73
776.4	186	133	86
776.6	182	131	85
776.8	160	116	75
777	157	114	74
777.2	161	118	77
777.4	166	123	81
777.6	166	124	82
777.8	161	119	78
778	161	117	77
778.2	157	115	75
778.4	154	112	73
778.6	145	104	68
778.8	135	98	64
779	131	93	60
779.2	128	92	59
779.4	127	92	59
779.6	132	94	60
779.8	149	103	65
780	177	122	76
780.2	194	134	85
780.4	202	141	90
780.6	200	139	89
780.8	189	132	85
781	171	120	78
781.2	157	110	72
781.4	142	99	65
781.6	141	98	63
781.8	164	114	72
782	180	124	78
782.2	180	126	80
782.4	154	108	70
782.6	138	97	62
782.8	132	94	61
783	135	98	63
783.2	142	104	68
783.4	138	102	67
783.6	133	98	65
783.8	133	97	63
784	133	96	62
784.2	136	97	62
784.4	141	100	63
784.6	150	106	67
784.8	165	117	74
785	177	126	81
785.2	180	128	82
785.4	175	124	80
785.6	167	118	76
785.8	165	117	75
786	167	118	77
786.2	177	129	84
786.4	181	132	87
786.6	174	128	84
786.8	166	124	82
787	154	117	78
787.2	136	103	70
787.4	126	94	63
787.6	124	92	61
787.8	125	93	62
788	127	95	63
788.2	127	95	63
788.4	128	96	64
788.6	127	95	64
788.8	125	93	62
789	127	94	62
789.2	129	95	63
789.4	129	96	63
789.6	127	94	63
789.8	128	95	64
790	129	96	64
790.2	129	96	64
790.4	130	96	64
790.6	129	95	63
790.8	127	94	62
791	124	91	60
791.2	129	95	63
791.4	132	97	64
791.6	131	96	64
791.8	130	96	63
792	130	95	63
792.2	130	96	63
792.4	129	94	62
792.6	128	93	61
792.8	130	96	63
793	131	97	64
793.2	128	95	63
793.4	128	95	63
793.6	130	96	64
793.8	128	95	63
794	127	94	63
794.2	130	96	64
794.4	127	94	63
794.6	123	91	60
794.8	128	94	62
795	131	97	65
795.2	132	98	66
795.4	129	95	63
795.6	127	94	62
795.8	127	95	63
796	132	98	66
796.2	134	99	66
796.4	130	96	64
796.6	129	95	63
796.8	128	96	64
797	130	97	65
797.2	131	98	65
797.4	128	95	63
797.6	132	98	65
797.8	136	102	68
798	131	97	65
798.2	131	98	65
798.4	130	97	65
798.6	130	97	65
798.8	127	94	63
799	129	96	63
799.2	129	97	64
799.4	125	93	62
799.6	122	90	59
799.8	127	92	60
800	129	94	62
800.2	130	96	64
800.4	125	93	62
800.6	122	91	60
800.8	122	90	60
801	126	93	61
801.2	128	94	62
801.4	118	87	57
801.6	120	87	57
801.8	123	89	58
802	123	90	59
802.2	121	89	58
802.4	119	87	57
802.6	122	89	58
802.8	127	94	62
803	134	98	64
803.2	138	98	64
803.4	144	103	66
803.6	158	115	75
803.8	150	110	72
804	131	96	63
804.2	135	100	65
804.4	144	107	70
804.6	144	107	71
804.8	150	110	73
805	174	126	82
805.2	191	137	89
805.4	187	134	87
805.6	170	120	78
805.8	155	109	71
806	156	109	70
806.2	168	119	77
806.4	154	111	72
806.6	134	95	62
806.8	141	99	64
807	151	107	69
807.2	155	110	71
807.4	152	109	71
807.6	144	104	67
807.8	138	100	64
808	153	112	71
808.2	167	122	78
808.4	172	127	80
808.6	172	126	81
808.8	170	125	80
809	167	124	79
809.2	161	119	76
809.4	152	113	73
809.6	146	109	70
809.8	143	106	68
810	133	97	63
810.2	121	88	57
810.4	114	83	53
810.6	103	74	48
810.8	104	75	48
811	109	78	50
811.2	107	76	49
811.4	104	74	48
811.6	100	71	46
811.8	99	70	44
812	98	68	43
812.2	98	68	43
812.4	103	72	46
812.6	108	76	48
812.8	119	84	53
813	139	99	63
813.2	146	103	67
813.4	134	97	64
813.6	124	91	60
813.8	129	94	62
814	142	103	67
814.2	145	103	66
814.4	148	103	66
814.6	144	101	65
814.8	141	100	64
815	130	91	59
815.2	122	84	54
815.4	128	88	56
815.6	142	98	62
815.8	151	104	66
816	152	105	67
816.2	156	107	68
816.4	159	108	69
816.6	154	105	67
816.8	150	102	65
817	145	99	63
817.2	131	90	58
817.4	120	82	53
817.6	116	80	53
817.8	112	77	51
818	125	88	57
818.2	140	100	65
818.4	148	106	68
818.6	144	104	68
818.8	135	98	64
819	129	94	61
819.2	117	86	56
819.4	108	76	48
819.6	123	84	53
819.8	140	97	61
820	137	96	60
820.2	147	104	66
820.4	162	115	73
820.6	156	110	71
820.8	148	105	67
821	153	109	71
821.2	160	117	76
821.4	160	118	78
821.6	154	114	75
821.8	150	111	73
822	145	107	70
822.2	150	109	71
822.4	171	124	80
822.6	198	143	92
822.8	207	148	96
823	206	145	93
823.2	216	154	99
823.4	214	153	99
823.6	206	146	95
823.8	192	136	88
824	176	123	80
824.2	159	112	73
824.4	148	104	68
824.6	139	97	63
824.8	127	88	57
825	121	83	54
825.2	122	84	54
825.4	118	82	53
825.6	112	78	50
825.8	122	85	55
826	127	90	59
826.2	128	93	60
826.4	131	94	61
826.6	142	102	66
826.8	153	110	71
827	159	116	75
827.2	162	119	78
827.4	166	121	79
827.6	165	120	79
827.8	161	117	76
828	155	112	74
828.2	146	106	70
828.4	144	104	68
828.6	169	121	79
828.8	185	134	87
829	186	135	89
829.2	170	123	81
829.4	152	110	72
829.6	149	109	71
829.8	145	105	69
830	141	100	65
830.2	143	102	66
830.4	139	101	65
830.6	132	95	62
830.8	140	99	63
831	170	118	74
831.2	182	127	81
831.4	158	111	72
831.6	135	95	61
831.8	153	108	69
832	175	124	79
832.2	162	114	74
832.4	147	104	67
832.6	140	100	64
832.8	150	107	69
833	161	117	76
833.2	157	113	74
833.4	162	116	75
833.6	166	118	77
833.8	161	114	74
834	166	120	78
834.2	171	126	83
834.4	166	121	79
834.6	164	118	77
834.8	171	124	81
835	166	120	79
835.2	147	106	70
835.4	141	102	67
835.6	138	100	65
835.8	141	100	64
836	159	112	72
836.2	181	128	82
836.4	192	137	88
836.6	189	135	87
836.8	187	133	86
837	198	140	90
837.2	210	149	96
837.4	218	155	101
837.6	223	159	104
837.8	223	159	103
838	219	156	101
838.2	217	155	101
838.4	211	150	98
838.6	196	140	92
838.8	180	128	84
839	158	112	74
839.2	144	101	66
839.4	142	99	64
839.6	143	99	64
839.8	148	103	66
840	146	102	66
840.2	142	99	64
840.4	143	100	64
840.6	147	103	66
840.8	147	103	66
841	145	101	66
841.2	144	100	64
841.4	147	102	65
841.6	148	103	67
841.8	150	106	68
842	150	105	68
842.2	148	104	67
842.4	147	103	67
842.6	147	103	67
842.8	148	104	67
843	149	104	67
843.2	147	103	67
843.4	148	103	67
843.6	148	104	68
843.8	146	103	67
844	148	104	68
844.2	148	104	68
844.4	145	103	67
844.6	148	105	68
844.8	146	104	67
845	146	104	67
845.2	142	100	65
845.4	143	101	66
845.6	146	104	67
845.8	142	101	66
846	144	103	67
846.2	142	101	66
846.4	140	100	65
846.6	142	101	66
846.8	139	99	65
847	140	99	64
847.2	147	104	68
847.4	149	106	69
847.6	149	106	69
847.8	144	102	67
848	149	106	70
848.2	147	105	69
848.4	140	100	65
848.6	136	97	64
848.8	133	96	62
849	135	98	64
849.2	135	97	63
849.4	135	97	63
849.6	153	109	71
849.8	177	128	84
850	185	134	89
850.2	180	131	87
850.4	173	125	83
850.6	158	113	74
850.8	152	108	71
851	151	108	70
851.2	148	106	69
851.4	149	106	69
851.6	150	107	70
851.8	146	105	69
852	150	108	71
852.2	150	107	70
852.4	149	107	70
852.6	151	108	71
852.8	151	108	71
853	153	109	71
853.2	154	110	73
853.4	153	110	72
853.6	154	110	72
853.8	155	111	72
854	150	107	70
854.2	149	106	69
854.4	159	114	74
854.6	154	111	73
854.8	150	108	70
855	151	108	71
855.2	153	110	73
855.4	153	110	72
855.6	151	108	71
855.8	152	108	71
856	151	108	70
856.2	151	108	71
856.4	152	109	72
856.6	151	108	70
856.8	151	107	70
857	153	109	71
857.2	147	105	69
857.4	146	104	68
857.6	150	107	70
857.8	150	107	70
858	149	107	70
858.2	153	109	71
858.4	148	105	69
858.6	145	103	67
858.8	150	107	69
859	149	106	69
859.2	147	104	68
859.4	148	105	68
859.6	147	105	68
859.8	148	105	68
860	148	104	67
860.2	143	101	65
860.4	144	101	65
860.6	143	101	65
860.8	143	100	65
861	144	101	65
861.2	137	96	62
861.4	141	98	64
861.6	147	103	68
861.8	151	106	70
862	155	109	71
862.2	149	105	68
862.4	140	98	64
862.6	137	98	63
862.8	140	99	64
863	138	99	65
863.2	126	91	60
863.4	130	92	60
863.6	143	100	65
863.8	141	99	64
864	148	105	67
864.2	159	113	73
864.4	160	114	74
864.6	158	111	72
864.8	141	98	64
865	126	87	56
865.2	140	97	61
865.4	145	101	65
865.6	130	89	56
865.8	143	96	60
866	138	93	59
866.2	138	94	59
866.4	162	112	71
866.6	178	123	78
866.8	184	127	81
867	159	110	70
867.2	152	105	67
867.4	161	112	71
867.6	157	110	70
867.8	144	102	66
868	127	90	58
868.2	121	85	54
868.4	133	92	58
868.6	150	103	65
868.8	159	108	68
869	149	102	65
869.2	134	91	58
869.4	144	98	62
869.6	149	104	66
869.8	149	103	66
870	156	108	68
870.2	167	116	74
870.4	170	118	76
870.6	177	124	80
870.8	183	129	84
871	189	134	86
871.2	189	134	87
871.4	190	135	88
871.6	196	140	91
871.8	201	144	93
872	196	141	92
872.2	202	146	96
872.4	202	147	97
872.6	170	124	82
872.8	148	107	70
873	157	113	73
873.2	165	118	77
873.4	161	115	75
873.6	162	116	75
873.8	150	107	70
874	160	113	73
874.2	179	128	83
874.4	172	122	80
874.6	152	109	71
874.8	128	92	60
875	136	95	61
875.2	154	105	67
875.4	153	105	67
875.6	161	110	69
875.8	162	109	69
876	143	94	58
876.2	171	118	75
876.4	200	141	91
876.6	180	124	81
876.8	148	101	65
877	158	110	72
877.2	181	128	83
877.4	190	133	86
877.6	184	128	83
877.8	177	121	77
878	175	119	76
878.2	177	121	77
878.4	178	123	79
878.6	183	128	82
878.8	184	128	83
879	181	125	81
879.2	178	122	79
879.4	165	112	72
879.6	163	111	71
879.8	168	116	75
880	172	119	77
880.2	176	123	80
880.4	177	124	80
880.6	163	112	72
880.8	153	105	67
881	162	113	72
881.2	163	113	72
881.4	166	115	73
881.6	168	116	75
881.8	158	109	70
882	157	108	69
882.2	163	113	73
882.4	166	116	75
882.6	166	116	75
882.8	168	119	77
883	164	116	76
883.2	170	120	78
883.4	173	123	80
883.6	168	119	78
883.8	166	117	76
884	162	113	73
884.2	158	110	71
884.4	156	110	71
884.6	159	112	73
884.8	162	114	74
885	162	114	74
885.2	163	114	74
885.4	164	116	75
885.6	167	118	76
885.8	169	120	78
886	166	118	77
886.2	166	118	77
886.4	165	117	76
886.6	164	116	76
886.8	161	114	74
887	159	112	73
887.2	165	115	75
887.4	171	118	77
887.6	163	111	71
887.8	161	108	69
888	173	119	77
888.2	180	127	82
888.4	187	132	86
888.6	180	126	83
888.8	146	99	64
889	137	92	59
889.2	153	105	67
889.4	157	110	71
889.6	159	112	73
889.8	162	115	75
890	169	119	78
890.2	173	122	80
890.4	176	126	83
890.6	178	127	84
890.8	179	128	84
891	182	129	84
891.2	186	132	86
891.4	188	133	87
891.6	190	134	87
891.8	191	136	89
892	192	137	89
892.2	189	134	88
892.4	189	135	88
892.6	189	134	88
892.8	189	135	88
893	187	134	88
893.2	182	130	86
893.4	181	129	85
893.6	178	127	83
893.8	180	128	84
894	181	129	84
894.2	184	132	86
894.4	186	133	87
894.6	185	133	88
894.8	174	126	83
895	173	124	81
895.2	180	128	84
895.4	183	131	86
895.6	182	130	86
895.8	175	125	82
896	173	124	81
896.2	178	128	84
896.4	184	133	87
896.6	183	131	86
896.8	181	129	85
897	186	133	87
897.2	207	150	100
897.4	205	151	101
897.6	196	144	96
897.8	192	138	92
898	181	128	84
898.2	175	122	79
898.4	168	117	75
898.6	164	114	74
898.8	161	113	73
899	165	117	76
899.2	166	119	78
899.4	167	117	77
899.6	178	127	83
899.8	190	136	89
900	198	142	93
900.2	191	137	90
900.4	187	133	87
900.6	184	131	85
900.8	184	131	85
901	178	126	82
901.2	169	119	77
901.4	166	117	76
901.6	169	119	77
901.8	167	117	76
902	164	116	75
902.2	164	116	75
902.4	165	116	75
902.6	164	116	75
902.8	162	114	74
903	160	112	73
903.2	158	110	71
903.4	163	113	74
903.6	157	109	71
903.8	155	108	70
904	160	113	73
904.2	156	110	71
904.4	162	115	74
904.6	161	115	75
904.8	157	114	74
905	154	112	74
905.2	149	109	71
905.4	144	104	68
905.6	151	110	72
905.8	151	111	73
906	141	104	68
906.2	130	95	62
906.4	130	93	60
906.6	149	104	66
906.8	167	116	74
907	179	125	80
907.2	173	121	78
907.4	154	105	67
907.6	157	105	66
907.8	169	116	74
908	171	120	78
908.2	157	107	69
908.4	159	108	68
908.6	164	112	71
908.8	164	112	72
909	167	115	74
909.2	170	118	76
909.4	172	120	77
909.6	172	120	77
909.8	165	115	74
910	161	111	72
910.2	161	111	71
910.4	163	112	72
910.6	158	110	71
910.8	143	97	63
911	143	97	62
911.2	148	100	64
911.4	151	103	66
911.6	154	107	69
911.8	164	115	74
912	169	120	78
912.2	169	120	78
912.4	165	117	76
912.6	167	118	77
912.8	171	121	79
913	172	121	79
913.2	180	128	83
913.4	183	129	84
913.6	184	129	84
913.8	193	136	88
914	171	120	79
914.2	157	110	71
914.4	158	112	72
914.6	156	111	71
914.8	147	105	68
915	132	94	61
915.2	115	81	53
915.4	107	75	49
915.6	123	86	56
915.8	144	102	66
916	146	103	66
916.2	144	100	64
916.4	155	106	67
916.6	174	120	76
916.8	181	126	81
917	182	124	79
917.2	178	121	76
917.4	163	111	70
917.6	151	104	66
917.8	147	102	65
918	154	106	68
918.2	156	109	70
918.4	156	110	70
918.6	160	112	72
918.8	165	115	74
919	165	114	74
919.2	173	119	76
919.4	177	123	79
919.6	178	124	81
919.8	170	119	77
920	150	105	68
920.2	136	95	62
920.4	130	91	59
920.6	128	90	58
920.8	130	92	60
921	130	92	61
921.2	143	102	66
921.4	153	109	72
921.6	152	108	71
921.8	161	114	74
922	160	114	74
922.2	151	108	70
922.4	148	106	69
922.6	150	107	69
922.8	136	96	62
923	149	104	66
923.2	196	137	87
923.4	214	151	97
923.6	202	142	91
923.8	200	140	90
924	198	139	89
924.2	190	133	86
924.4	190	133	85
924.6	195	137	88
924.8	192	135	87
925	186	131	85
925.2	183	129	84
925.4	184	130	84
925.6	188	132	85
925.8	191	134	86
926	193	135	86
926.2	199	139	89
926.4	202	141	90
926.6	205	142	91
926.8	208	144	92
927	209	144	91
927.2	207	142	90
927.4	203	139	89
927.6	196	135	86
927.8	190	130	83
928	186	127	80
928.2	185	126	80
928.4	183	125	79
928.6	171	117	74
928.8	158	108	68
929	153	105	66
929.2	138	95	60
929.4	126	84	52
929.6	130	88	55
929.8	137	93	58
930	150	102	64
930.2	161	110	68
930.4	164	110	68
930.6	164	109	67
930.8	162	108	66
931	159	106	66
931.2	158	105	65
931.4	159	107	66
931.6	155	104	64
931.8	150	100	62
932	140	93	58
932.2	131	86	54
932.4	123	82	51
932.6	116	78	48
932.8	126	83	51
933	140	92	57
933.2	148	96	59
933.4	154	101	63
933.6	142	94	60
933.8	116	77	50
934	110	72	46
934.2	120	80	51
934.4	129	86	55
934.6	138	93	59
934.8	145	98	63
935	145	98	63
935.2	151	103	65
935.4	146	100	64
935.6	139	94	60
935.8	148	101	64
936	130	90	57
936.2	111	77	50
936.4	105	75	49
936.6	112	79	51
936.8	121	85	54
937	138	95	60
937.2	142	97	61
937.4	145	97	61
937.6	158	108	69
937.8	163	111	70
938	168	114	72
938.2	167	113	72
938.4	163	110	69
938.6	160	108	68
938.8	158	106	67
939	157	106	67
939.2	155	104	65
939.4	155	105	66
939.6	160	109	68
939.8	165	112	71
940	161	110	69
940.2	158	107	67
940.4	152	103	65
940.6	137	93	58
940.8	124	83	52
941	119	79	49
941.2	133	89	55
941.4	146	98	60
941.6	158	105	64
941.8	173	116	71
942	179	120	74
942.2	173	116	72
942.4	166	112	70
942.6	158	108	68
942.8	154	105	66
943	158	107	67
943.2	159	108	68
943.4	154	103	65
943.6	152	102	64
943.8	153	104	65
944	148	100	63
944.2	144	97	61
944.4	152	102	64
944.6	156	105	66
944.8	156	107	67
945	172	118	75
945.2	186	128	81
945.4	188	129	82
945.6	183	124	78
945.8	173	116	72
946	167	111	69
946.2	161	106	65
946.4	158	103	64
946.6	166	109	67
946.8	172	114	71
947	163	110	69
947.2	158	106	66
947.4	154	104	65
947.6	158	107	68
947.8	159	108	68
948	152	103	64
948.2	148	102	65
948.4	166	117	75
948.6	174	122	78
948.8	177	125	80
949	167	117	75
949.2	167	115	73
949.4	181	125	79
949.6	177	122	77
949.8	168	115	73
950	160	109	69
950.2	154	105	66
950.4	157	107	67
950.6	164	111	70
950.8	162	110	69
951	158	108	68
951.2	155	106	66
951.4	152	104	66
951.6	143	98	62
951.8	137	95	61
952	145	102	65
952.2	150	104	66
952.4	158	110	70
952.6	170	119	76
952.8	176	123	78
953	176	123	79
953.2	180	126	81
953.4	182	127	82
953.6	179	126	81
953.8	178	125	80
954	178	125	81
954.2	178	125	80
954.4	173	121	77
954.6	172	120	76
954.8	162	112	72
955	154	106	67
955.2	156	109	69
955.4	157	110	70
955.6	147	101	64
955.8	139	96	61
956	144	99	63
956.2	156	107	67
956.4	163	113	70
956.6	137	88	55
