/* DATA DESCRIPTION:
Citation: Huang, J.-J., Löwemark, L., Chang, Q., Lin, T.-Y., Chen, H.-F., Song, S.-R., and Wei, K.-Y., 2016, Choosing optimal exposure times for XRF core-scanning: Suggestions based on the analysis of geological reference materials: Geochemistry, Geophysics, Geosystems, v. 17, no. 4, p. 1558-1566.
Sample: Geological reference standards (JLK-1, JSD-1, JSD-2, JSD-3, JMS-1, JMS-2)
Machine: Itrax-XRF core scanner, CS-16 National Taiwan University
Comment: Six geological reference materials from the Geological Survey of Japan (JLK-1, JMS-1, JMS-2, JSD-1, JSD-2, and JSD-3) were scanned by the Itrax-XRF core scanner using the Mo- and the Cr-tube with different exposure times. 
Original dataset can be downloaded at https://doi.pangaea.de/10.1594/PANGAEA.858766
*/
Sample_tube_machine.setting	Al	Si	S	K	Ca	Ti	Cr	Mn	Fe	Ni	Cu	Zn	Rb	Sr	Zr	Ba	Pb
JLK-1_Mo-tube_1s	5.28	76.34	1.18	320.86	108.44	272.22	19.18	417.62	13104.42	42.62	41.2	83.34	135.96	75.64	59.22	13.58	73.92
JLK-1_Mo-tube_5s	26.96	400.66	13.28	1652.92	600.56	1344.24	107.66	2044.94	65936.52	243.44	198.7	399.56	667.78	365.06	275.54	65.82	320.28
JLK-1_Mo-tube_15s	88.94	1204.24	25.54	4974.82	1782.82	3950.82	354.24	6255	196140.24	615.62	544.46	1237.44	2163.94	1077.56	786.24	309.82	995.64
JLK-1_Mo-tube_30s	183.18	2420.66	49.14	9968.78	3597.38	8142.68	653.16	12437.38	395246.48	1406.38	1111.08	2418.92	3689.34	2152.42	1585.22	380.38	1949.18
JLK-1_Mo-tube_100s	592.8	8048.4	148.14	33249.26	11981.92	27171.98	2111.68	40561.4	1317527.42	4979.2	3964.06	8071.42	13115.96	7336.36	5738.04	1305.14	6523.26
JLK-1_Cr-tube_1s	58.44	792.9	14.98	3036.86	1043.44	2304.46	na	256.64	5397.3	21.9	13.48	30.04	59.3	26.46	32.34	62.64	28.22
JLK-1_Cr-tube_5s	313.12	4003.82	83.28	15277.08	5203.22	11457.46	na	1346.4	27103.5	103.92	57.8	138.52	291.46	127.96	158.1	337.96	137.56
JLK-1_Cr-tube_15s	950.98	12129.22	229.48	46000.96	15880.28	34832.8	na	3851.6	81566.02	320.48	172.2	436.52	846.28	393	486.24	795.82	397.34
JLK-1_Cr-tube_30s	1873.04	24216.56	475.78	92024.08	31600.18	69523.66	na	7915.6	163343.76	643.02	358.76	849.86	1685.36	775.1	978.36	1633.66	780.54
JLK-1_Cr-tube_100s	6350.04	80440.4	1492.24	304851.86	105393	231792.5	na	24743.08	544327.78	2240.16	1267.04	2828.62	5694.9	2682.62	3291.18	4661.58	2668.74
JSD-1_Mo-tube_1s	4.86	95.48	0.5	270.72	530.48	254.04	10.84	151.1	9583.48	37.24	19.2	71.22	78.22	398.1	48.72	10.42	55.78
JSD-1_Mo-tube_5s	31.64	485.74	3.5	1374.88	2724.36	1272.88	60.36	730.66	48194	208.72	112.8	316.22	322.48	1984.38	273.2	60.94	278.92
JSD-1_Mo-tube_15s	93.48	1474.8	5.04	4130.1	8123.74	3756.7	210.18	2253.42	143348.56	523.28	288.24	963.08	1129.28	5851	784.9	277.7	836.86
JSD-1_Mo-tube_30s	180.4	2966.42	9.52	8239.18	16377.2	7613.92	386.78	4425.48	289173.4	1223.24	598.22	1863.64	1985.58	11726.04	1491.6	412.02	1670.4
JSD-1_Mo-tube_100s	591.18	9882.48	9.48	27571.54	54571.26	25530.5	1204.04	14179.84	964405.14	4300.32	2251.6	6362.84	6843.3	39455.92	5449	1287.7	5673.48
JSD-1_Cr-tube_1s	51.38	945.34	2.4	2466.7	4633.52	2095.82	na	150.68	3769.68	19.32	4.38	21.06	30.16	122.14	29.6	46.16	25.18
JSD-1_Cr-tube_5s	283.16	4737.9	9.94	12390.14	23278.64	10497.02	na	872.98	18923.98	98.48	11.28	105.46	150	590.8	161.48	285.48	105.54
JSD-1_Cr-tube_15s	881.14	14356.18	19.92	37215.9	70467.68	31921.7	na	2328.04	57007.96	301.16	31.08	321.6	460.82	1790.88	485.64	649.42	319.58
JSD-1_Cr-tube_30s	1726.8	28632.48	43.42	74145.56	140544.7	63633.98	na	4668.24	114190.46	596.88	25.82	627.08	911.24	3533.84	987.8	1288.9	610.56
JSD-1_Cr-tube_100s	5908.84	95232.66	63.96	245738.1	467214.54	212367.4	na	14285.36	380348.92	2085.8	144.66	2137.1	3041.6	11977.3	3278.46	3460.98	2081.32
JSD-2_Mo-tube_1s	1.92	79.62	10.02	131.5	608.84	209.94	24.56	170.28	17449.74	54.2	376.88	828.58	21.22	172.3	31.16	27.74	102.62
JSD-2_Mo-tube_5s	21	425.72	60.58	676.12	3109.98	1074.34	124.14	805.68	87607.96	311.52	1916.26	4118.78	26.18	873.64	151.72	129.38	488.36
JSD-2_Mo-tube_15s	68.08	1276.38	189.28	2003	9266.14	3178.04	401.44	2585.68	260947.18	768.42	5700.22	12393.68	91.54	2593.22	416.52	450.46	1485.74
JSD-2_Mo-tube_30s	130.32	2532.9	389.74	4070.64	18697.1	6509.54	742.26	5006.08	525644.26	1781.54	11412.64	24615.92	39.4	5151.32	817.72	740.8	2844.74
JSD-2_Mo-tube_100s	420	8489.8	1244.44	13565.24	62351.2	21721.96	2374.48	15676.86	1753469.48	6438.5	38502.74	82402.42	36.66	17389.04	3012.34	2469.7	9554.2
JSD-2_Cr-tube_1s	41.66	819.98	122.98	1256.3	5394.88	1850.18	na	149.94	7264	33.94	151.6	313.12	15.5	54.48	21.3	55.7	37.52
JSD-2_Cr-tube_5s	210.06	4156.48	626.16	6352.94	27166.18	9139.92	na	852.22	36486.8	159.8	794.2	1688.7	67.58	267	107.54	360.46	178.82
JSD-2_Cr-tube_15s	660.88	12563.7	1896.6	18996.08	81992.96	27836.5	na	2303.08	109623.6	501.68	2374.94	5046.06	184.68	816.94	305.46	896.66	537.52
JSD-2_Cr-tube_30s	1295.38	24985.5	3791.54	37868.74	163366.38	55532.18	na	4638.92	219386.04	1007.38	4732.06	10042.04	355.76	1626.22	650.74	1700.64	1061.14
JSD-2_Cr-tube_100s	4444.18	83050.26	12425.58	125659.14	542901.28	185134.72	na	14142.22	731796.04	3486.88	15920.9	33253.36	1230.9	5489.62	2096.62	5089.4	3606.62
JSD-3_Mo-tube_1s	4.76	114.96	0.96	263.82	88.92	166.54	14.14	234.5	8548.9	50.82	229.34	93.98	360.7	71.58	51.38	11.6	76.62
JSD-3_Mo-tube_5s	24.52	591.9	4.16	1321.3	465.48	835.94	77.34	1156.18	43109.72	282.36	1155.78	471.46	1666.3	353.98	266.4	67.24	399.46
JSD-3_Mo-tube_15s	74.04	1763.96	14.76	3967.32	1391.34	2460.24	260.5	3502.56	128236.12	742.2	3435.6	1437.28	5313.9	1037.44	709.62	261.78	1157.18
JSD-3_Mo-tube_30s	143.9	3553.8	22.88	7986.32	2821.96	5008.22	489.78	6998.76	258451.86	1666.38	6877.28	2772.04	9507.92	2105.56	1472.76	389.5	2340.38
JSD-3_Mo-tube_100s	465.32	11867.12	54	26547.96	9447.5	16737.84	1599.68	22754.92	861657.16	5733.3	23270	9427.68	33303.22	7115.54	5345.18	1317.42	7872.44
JSD-3_Cr-tube_1s	41.52	1169.04	8.28	2451.8	788.5	1422.96	na	154.8	3498.78	23.82	92.8	33.64	120.82	26.08	30.46	48.54	31.38
JSD-3_Cr-tube_5s	228.48	5839.06	36.14	12378.56	3941.54	7075.6	na	894.74	17589.92	109.66	457.32	165.2	600.38	139.52	167.16	298.58	154.24
JSD-3_Cr-tube_15s	724.32	17784.82	100.42	37329.16	12016.84	21453.26	na	2544.58	52925.2	354.2	1414.24	523.34	1825.1	428.86	505.92	752.4	466.42
JSD-3_Cr-tube_30s	1408.66	35348.58	197.38	74346.06	24027.88	42831.9	na	5122.52	105964.2	706.04	2812.02	1043.3	3630.04	822.12	951.3	1489.86	954.16
JSD-3_Cr-tube_100s	4835.16	117405.4	577.24	246077.8	79775.56	142795.9	na	16087.98	352840.48	2434.94	9392.74	3512.76	12257.44	2813.16	3200.64	4323.62	3198.88
JMS-1_Mo-tube_1s	3.72	67.2	16.3	241.38	330.7	254.66	27.62	138.32	11924.46	53.88	47.02	142.44	72.3	154.94	44.76	9.36	66.96
JMS-1_Mo-tube_5s	28.74	356.9	91.5	1233.54	1689.38	1276.32	157.56	732.76	59287.88	237.44	202.26	711.26	346.36	781.46	222.34	45.36	351.24
JMS-1_Mo-tube_15s	88.26	1082.7	265.28	3733.2	5124.56	3862.28	465.98	2203.04	179659.36	814.32	639.6	2150.84	1086.4	2431.42	773.12	94.26	1021.64
JMS-1_Mo-tube_30s	170.56	2174.7	504.16	7480.6	10219.72	7717.6	925.54	4336	358905.92	1641.68	1268.24	4265.32	2056	4781.8	1505.06	208.08	2058.56
JMS-1_Mo-tube_100s	589.86	7273.5	1676.38	24982.9	34065.34	25747.02	3106.46	14289.08	1195596.42	5386.32	4453	14342.7	7169.76	15845	4864.04	834.92	6866.24
JMS-1_Cr-tube_1s	49.4	684.86	183.96	2285.38	2926.62	2084.2	na	222.5	4813.3	21.52	19.26	64.72	36.36	49.36	22.14	61.16	28.42
JMS-1_Cr-tube_5s	250.8	3463.16	954.58	11393.94	14509	10543.34	na	778.16	24044.34	100.98	77.78	321.7	173.84	244.74	129.9	249.22	108.78
JMS-1_Cr-tube_15s	761.32	10499.08	2871.94	34165.24	43661.48	31847.88	na	1287.66	72048.68	274.26	209.98	934.5	527.34	720.5	376.76	633.26	339.46
JMS-1_Cr-tube_30s	1572.7	20896.78	5781.88	68130.8	87306.88	63677.04	na	2061.2	144070.78	542.28	409.52	1897.16	1023.5	1464.4	770.98	1058.04	678.18
JMS-1_Cr-tube_100s	5317.66	69391.66	19324.24	227488.28	291786.7	211433.76	na	15398.16	483863.76	2034.56	1660.94	6407.72	3487.44	4860.32	2633.2	4091.58	2264.92
JMS-2_Mo-tube_1s	4.76	48.84	1.34	280.48	780.28	461.02	20.44	2740.06	15937.54	108.38	150.22	59.8	103.8	319.12	89.22	34.66	67.48
JMS-2_Mo-tube_5s	24.14	258.26	8.88	1397.62	3841.76	2243.82	99.02	13560.74	79035.38	535.84	676.22	288.88	347.92	1574.94	452.1	197.6	303.36
JMS-2_Mo-tube_15s	76.26	789.06	10.78	4196.22	11555.94	6696.76	295.36	40691.5	237191.42	1589.2	2121.82	891.58	1090.86	4737.98	1318.78	655.88	953.42
JMS-2_Mo-tube_30s	153.04	1574.74	22.9	8493.06	23166.8	13493.78	639.02	81514.24	475409.94	3160.62	4314.9	1782.6	2164.6	9456.18	2649.58	1328.58	1899.26
JMS-2_Mo-tube_100s	538.8	5328.96	26.42	28511.58	77468.34	45219.14	1946.82	271436.88	1587712.72	10909.14	13943.52	5788.18	7113.86	31372.62	8517.82	4240.96	6237.74
JMS-2_Cr-tube_1s	36.4	451.16	48.92	2441.32	6502.04	3694.66	na	1280.5	6285.64	43.18	64.64	33.28	18.7	87.4	34.9	129.74	19.9
JMS-2_Cr-tube_5s	180.58	2287.6	263.78	12231.06	32545.52	18465.78	na	6724.34	31394.2	219.08	327.78	178.06	91.84	436.7	188.22	722.38	94.2
JMS-2_Cr-tube_15s	546.36	6877.5	780.98	36642.54	97183.08	55752.46	na	18419.24	94047.52	632.88	926.24	512.92	262.22	1311.84	524.86	1946.92	274.62
JMS-2_Cr-tube_30s	1089.74	13634.1	1559.02	72969.42	193146.44	111505.26	na	34555.82	187814.6	1249.72	1788.52	1011.84	530.38	2642.46	1048.2	3451.52	531.16
JMS-2_Cr-tube_100s	3606.6	45403.4	5186.4	241466.36	639555.66	371320.52	na	108363.08	625945.86	4001.38	5748.28	3295.22	1748	8885.06	3447.04	10718.24	1757.14
