Publication	Eruption	SiO2	TiO2	Al2O3	FeO	MnO	MgO	CaO	Na2O	K2O	P2O5	Total
GL1999	H1104	73,63	0,19	13,89	3,16	0,14	0,11	1,67	4,50	2,65	0,00	99,94
GL1999	H1104	73,03	0,22	14,12	3,12	0,10	0,16	1,81	4,40	2,56	0,00	99,52
GL1999	H1104	72,62	0,15	13,85	3,31	0,16	0,17	1,91	4,34	2,68	0,00	99,19
GL1999	H1104	72,47	0,21	13,87	3,25	0,11	0,12	1,87	4,18	2,60	0,00	98,68
GL1999	H1104	72,27	0,17	14,05	3,10	0,09	0,18	1,85	4,41	2,72	0,00	98,84
GL1999	H1104	71,32	0,19	14,05	3,12	0,09	0,14	1,94	4,25	2,91	0,00	98,01
GL1999	H1104	70,81	0,17	14,01	3,25	0,14	0,15	1,79	4,03	2,68	0,00	97,03
GL1999	H1104	70,79	0,22	13,38	3,26	0,16	0,12	3,02	4,42	3,21	0,00	98,58
Larsen et al., 2002	Hekla 3	71,76	0,22	14,48	3,04	0,00	0,12	1,98	4,43	2,66	0,01	98,7
Larsen et al., 2002	Hekla 3	71,45	0,25	14,2	3,13	0	0,14	2,07	4,59	2,52	0,06	98,41
Larsen et al., 2002	Hekla 3	71,12	0,28	14,26	3,04	0	0,1	1,96	4,69	2,66	0,11	98,22
Larsen et al., 2002	Hekla 3	71,11	0,26	14,07	3,05	0	0,16	1,97	4,63	2,47	0	97,72
Larsen et al., 2002	Hekla 3	70,43	0,19	14,31	3,16	0	0,14	2,04	4,48	2,67	0,02	97,44
Larsen et al., 2002	Hekla 3	69,3	0,14	14,31	3,12	0	0,03	2,05	4,62	2,54	0,03	96,14
Óladóttir et al., 2011	Hekla 3	71,53	0,23	14,45	3,37	0,19	0,13	1,91	4,02	2,60	0,00	98,43
Óladóttir et al., 2012	Hekla 3	72,76	0,19	14,50	2,98	0,15	0,14	1,95	4,00	2,56	0,06	99,30
Óladóttir et al., 2013	Hekla 3	72,07	0,16	14,61	3,04	0,13	0,12	2,03	4,14	2,56	0,06	98,91
Óladóttir et al., 2014	Hekla 3	72,59	0,21	14,29	3,09	0,08	0,13	1,98	4,27	2,60	0,08	99,33
Óladóttir et al., 2015	Hekla 3	71,63	0,21	14,47	2,62	0,00	0,13	2,06	3,72	2,50	0,01	97,35
Óladóttir et al., 2016	Hekla 3	71,66	0,18	14,25	2,90	0,16	0,16	2,05	4,18	2,54	0,03	98,10
Óladóttir et al., 2017	Hekla 3	71,89	0,21	14,49	3,21	0,19	0,15	1,96	3,91	2,58	0,08	98,68
Óladóttir et al., 2018	Hekla 3	72,82	0,16	13,81	3,09	0,01	0,11	1,89	3,28	2,52	0,06	97,74
Óladóttir et al., 2019	Hekla 3	72,95	0,22	14,57	3,22	0,13	0,09	2,08	3,28	2,54	0,12	99,20
Óladóttir et al., 2020	Hekla 3	72,30	0,23	14,53	2,81	0,11	0,14	2,01	3,91	2,58	0,04	98,66
Óladóttir et al., 2021	Hekla 3	71,66	0,20	14,74	3,04	0,00	0,14	1,95	3,78	2,52	0,01	98,05
Óladóttir et al., 2022	Hekla 3	72,37	0,16	14,63	2,99	0,19	0,09	1,96	4,06	2,51	0,06	99,02
Óladóttir et al., 2023	Hekla 3	71,15	0,19	14,35	3,13	0,14	0,13	2,04	4,48	2,56	0,11	98,28
Óladóttir et al., 2024	Hekla 3	71,65	0,20	14,37	2,63	0,12	0,11	1,96	4,06	2,55	0,03	97,67
Óladóttir et al., 2025	Hekla 3	73,56	0,20	14,64	3,27	0,17	0,16	1,93	3,98	2,66	0,02	100,58
Óladóttir et al., 2026	Hekla 3	72,59	0,18	14,55	3,23	0,20	0,13	2,02	3,28	2,53	0,07	98,80
Óladóttir et al., 2027	Hekla 3	73,39	0,22	14,54	2,97	0,17	0,13	2,05	3,51	2,59	0,00	99,56
Óladóttir et al., 2028	Hekla 3	73,67	0,21	14,58	3,18	0,15	0,11	2,11	3,48	2,54	0,00	100,04
Óladóttir et al., 2029	Hekla 3	72,43	0,21	14,36	3,03	0,13	0,13	2,03	3,53	2,64	0,08	98,57
Óladóttir et al., 2011	Hekla 4	75,76	0,10	13,78	2,21	0,00	0,04	1,35	4,12	2,95	0,00	100,31
Óladóttir et al., 2011	Hekla 4	75,19	0,09	13,51	2,18	0,02	0,05	1,42	4,66	2,87	0,09	100,09
Óladóttir et al., 2011	Hekla 4	75,18	0,17	13,54	1,94	0,01	0,03	1,37	4,78	2,92	0,00	99,93
Óladóttir et al., 2011	Hekla 4	74,54	0,15	13,72	1,95	0,05	0,00	1,37	4,20	2,89	0,03	98,89
Óladóttir et al., 2011	Hekla 4	74,49	0,18	13,47	1,80	0,09	0,00	1,29	4,29	2,88	0,00	98,49
Óladóttir et al., 2011	Hekla 4	74,43	0,11	13,60	1,92	0,09	0,01	1,40	4,12	2,90	0,04	98,61
Óladóttir et al., 2011	Hekla 4	73,85	0,10	13,39	2,19	0,17	0,01	1,36	4,72	2,88	0,00	98,66
Óladóttir et al., 2011	Hekla 4	73,64	0,10	13,63	1,95	0,12	0,05	1,17	3,86	3,16	0,00	97,68
Óladóttir et al., 2011	Hekla 4	68,38	0,36	14,62	5,57	0,21	0,11	2,87	4,10	2,18	0,01	98,41
Óladóttir et al., 2011	Hekla 4	65,29	0,62	14,25	8,09	0,18	0,37	4,07	4,81	1,91	0,06	99,65
Óladóttir et al., 2011	Hekla 4	63,543	0,731	14,974	8,823	0,378	0,662	4,276	4,495	1,774	0,128	99,787
Óladóttir et al., 2011	Hekla 4	63,351	0,746	15,525	8,816	0,314	0,741	4,221	4,648	1,749	0,268	100,382
Óladóttir et al., 2011	Hekla 4	62,272	0,801	15,155	9,537	0,398	0,919	4,624	4,272	1,635	0,27	99,886
Óladóttir et al., 2011	Hekla 4	62,089	0,879	15,185	9,322	0,382	1,048	4,631	4,556	1,594	0,199	99,89
Óladóttir et al., 2011	Hekla 4	62,071	0,854	14,97	9,52	0,191	1,02	4,844	4,37	1,673	0,328	99,845
Óladóttir et al., 2011	Hekla 4	61,928	0,816	14,764	9,093	0,136	0,778	4,451	4,318	1,757	0,337	98,379
Óladóttir et al., 2011	Hekla 4	47,25	4,253	13,47	13,963	0,323	5,377	10,561	2,908	0,669	0,477	99,254
Óladóttir et al., 2011	Hekla 4	47,229	3,785	14,135	13,05	0,26	5,729	11,042	2,833	0,547	0,376	98,99
Óladóttir et al., 2011	Hekla 4	47,21	3,715	13,999	13,373	0,201	5,787	10,87	2,809	0,543	0,394	98,905
Óladóttir et al., 2011	Hekla 4	47,058	4,152	13,577	14,145	0,217	5,331	10,464	2,852	0,61	0,328	98,737
Óladóttir et al., 2011	Hekla 4	46,904	4,147	13,594	14,245	0,234	5,463	10,575	2,608	0,596	0,477	98,848
Óladóttir et al., 2011	Hekla 4	46,814	3,658	13,991	13,472	0,134	5,954	10,909	2,871	0,531	0,387	98,726
Óladóttir et al., 2011	Hekla 4	46,395	3,846	13,628	13,588	0,221	5,813	10,949	2,717	0,543	0,364	98,068
Gudmundsdóttir 2016	Hekla 4	75,42	0,119	13,37	2,08	0,037	0,019	1,364	4,4	3,04	0	99,849
Gudmundsdóttir 2016	Hekla 4	75,35	0,103	13,33	2,15	0,176	0,034	1,343	4,52	2,92	0	99,925
Gudmundsdóttir 2016	Hekla 4	75,28	0,134	13,33	2,12	0,08	0,028	1,33	4,33	2,86	0	99,492
Gudmundsdóttir 2016	Hekla 4	74,47	0,103	13,41	2,09	0	0,003	1,345	4,39	2,88	0	98,691
Gudmundsdóttir 2016	Hekla 4	74,05	0,109	13,2	2,19	0	0	1,343	4,45	2,91	0	98,252
Gudmundsdóttir 2016	Hekla 4	72,52	0,852	12,72	4,06	0,102	0,82	2,84	3,83	2,51	0	100,254
Gudmundsdóttir 2016	Hekla 4	64,41	0,743	14,48	7,64	0,269	0,877	3,95	4,49	2,26	0	99,119
Gudmundsdóttir 2016	Hekla 4	62,47	0,865	15,16	9,36	0,21	0,788	4,51	5,24	1,47	0	100,073
Gudmundsdóttir 2016	Hekla 4	62,36	0,881	15,12	9,8	0,318	1,087	4,53	4,13	1,78	0	100,007
Gudmundsdóttir 2016	Hekla 4	61,97	1,207	14,2	9,96	0,303	1,517	4,75	4,06	1,77	0	99,737
Gudmundsdóttir 2016	Hekla 4	61,87	0,867	15,19	9,43	0,391	1,23	5,01	4,6	1,59	0	100,177
Gudmundsdóttir 2016	Hekla 4	61,58	0,931	15,04	9,14	0,181	1,07	4,6	4,27	1,62	0	98,432
Gudmundsdóttir 2016	Hekla 4	61,3	0,934	14,94	10,13	0,246	1,22	4,77	4,14	1,6	0	99,28
Gudmundsdóttir 2016	Hekla 4	61,27	1,265	14,49	9,95	0,13	1,507	4,84	4,26	1,64	0	99,352
Gudmundsdóttir 2016	Hekla 4	60,52	1,179	15,15	9,67	0,217	1,596	5,01	4,22	1,56	0	99,122
Gudmundsdóttir 2016	Hekla 4	60	1,101	15,06	9,7	0,289	1,74	5,34	4,17	1,46	0	98,861
Gudmundsdóttir 2016	Hekla 4	59,87	0,958	14,15	8,73	0,268	1,012	4,23	4,06	1,6	0	94,878
Gudmundsdóttir 2016	Hekla 4	59,81	1,212	15,19	10,33	0,174	1,82	5,31	4,24	1,56	0	99,646
Gudmundsdóttir 2016	Hekla 4	59,77	1,179	14,42	9,7	0,159	1,54	4,86	4,28	1,74	0	97,649
Gudmundsdóttir 2016	Hekla 4	58,69	0,093	25,52	0,667	0	0,056	8,74	6,11	0,375	0	100,251
Gudmundsdóttir 2016	Hekla 4	58,08	0,921	13,96	9,56	0,376	0,936	4,33	3,8	1,74	0	93,703
Gudmundsdóttir 2016	Hekla 4	46,78	3,7	13,78	14,02	0,215	6,02	10,86	2,92	0,654	0	98,95
Gudmundsdóttir 2016	Hekla 4	46,61	3,19	14,71	14,66	0,266	6,4	10,05	2,89	0,508	0	99,283
óladóttir et al., 2011	Hekla 5	68,94	0,12	11,75	1,44	0,04	0,00	1,08	2,47	2,23	0,05	88,13
óladóttir et al., 2011	Hekla 5	72,35	0,09	12,70	1,55	0,04	0,02	1,31	2,85	2,43	0,08	93,43
óladóttir et al., 2011	Hekla 5	72,42	0,16	12,78	1,51	0,05	0,02	1,23	2,93	2,45	0,00	93,55
óladóttir et al., 2011	Hekla 5	72,97	0,12	12,81	1,74	0,05	0,05	1,21	2,78	2,45	0,03	94,21
óladóttir et al., 2011	Hekla 5	72,72	0,10	13,19	1,51	0,16	0,04	1,25	3,12	2,43	0,00	94,52
óladóttir et al., 2011	Hekla 5	73,70	0,12	13,23	1,68	0,09	0,06	1,22	3,09	2,42	0,03	95,63
óladóttir et al., 2011	Hekla 5	74,47	0,09	13,21	1,54	0,00	0,02	1,33	2,98	2,66	0,01	96,30
óladóttir et al., 2011	Hekla 5	74,28	0,09	12,94	1,78	0,04	0,03	1,30	3,05	2,67	0,05	96,23
óladóttir et al., 2011	Hekla 5	73,40	0,09	13,02	1,81	0,25	0,04	1,22	3,13	2,52	0,02	95,50
óladóttir et al., 2011	Hekla 5	72,81	0,07	12,84	1,51	0,00	0,05	1,25	3,06	2,47	0,01	94,07
óladóttir et al., 2011	Hekla 5	75,82	0,09	12,99	1,93	0,00	0,02	1,23	4,22	2,83	0,03	99,17
óladóttir et al., 2011	Hekla 5	75,39	0,12	12,62	1,87	0,17	0,04	1,24	4,19	2,71	0,00	98,34
óladóttir et al., 2011	Hekla 5	75,18	0,12	12,91	2,01	0,00	0,06	1,29	3,97	2,76	0,05	98,35
óladóttir et al., 2011	Hekla 5	74,99	0,11	12,83	1,86	0,00	0,00	1,35	4,10	2,71	0,02	97,97
óladóttir et al., 2011	Hekla 5	68,85	0,29	14,83	5,43	0,18	0,26	2,88	3,58	2,26	0,06	98,61
óladóttir et al., 2011	Hekla 5	68,98	0,33	14,52	4,91	0,07	0,23	3,52	3,99	2,35	0,80	99,70
óladóttir et al., 2011	Hekla 5	70,32	0,34	14,93	5,12	0,33	0,22	2,57	3,16	2,48	0,08	99,55
óladóttir et al., 2011	Hekla 5	71,23	0,32	14,46	4,46	0,04	0,17	2,52	4,34	2,28	0,10	99,91
óladóttir et al., 2011	Hekla 5	73,23	0,11	12,51	1,73	0,03	0,05	1,09	3,91	2,74	0,08	95,47
óladóttir et al., 2011	Hekla 5	73,40	0,13	13,32	1,87	0,14	0,08	1,31	3,01	2,67	0,03	95,95
óladóttir et al., 2011	Hekla 5	73,62	0,08	13,27	1,56	0,09	0,02	1,20	3,36	2,65	0,03	95,89
óladóttir et al., 2011	Hekla 5	73,64	0,09	13,04	1,71	0,09	0,03	1,31	3,92	2,72	0,00	96,54
óladóttir et al., 2011	Hekla 5	73,89	0,12	13,41	1,94	0,02	0,07	1,32	3,32	2,75	0,00	96,83
óladóttir et al., 2011	Hekla 5	74,65	0,12	13,26	1,54	0,00	0,03	1,29	3,17	2,70	0,00	96,75
