Depth [m]	Age [ka BP]	Placoliths small [%]	Placoliths small acc rate [10**6 #/cm**2/ka]	G. muellerae [%]	G. muellerae acc rate [10**6 #/cm**2/ka]	G. oceanica [%]	G. oceanica acc rate [10**6 #/cm**2/ka]	F. profunda [%]	F. profunda acc rate [10**6 #/cm**2/ka]	Cocco rew [%]	Cocco rew acc rate [10**6 #/cm**2/ka]	E. huxleyi [%]	E. huxleyi acc rate [10**6 #/cm**2/ka]	Helicosphaera spp. [%]	Helicosphaera spp. acc rate [10**6 #/cm**2/ka]	Syracosphaera spp. [%]	Syracosphaera spp. acc rate [10**6 #/cm**2/ka]	O. fragilis [%]	Oolithotus fragilis acc rate [10**6 #/cm**2/ka]	Umbellosphaera spp. [%]	Umbellosphaera spp. acc rate [10**6 #/cm**2/ka]	Acc rate cocco [10**6 #/cm**2/ka]
0.02	4.55	73.34	153297.96	2.91	6074.07	1.25	2603.17	7.20	15040.55	1.32	2762.26	0.55	1156.97	0.00	0.00	1.94	4049.38	0.27	564.02	0.02	43.39	100424.77
0.04	4.73	82.69	185915.02	1.17	2635.02	3.00	6733.93	6.12	13760.64	0.89	2005.54	0.13	292.78	0.00	0.00	0.65	1463.90	0.20	439.17	0.12	263.50	108018.40
0.06	4.90	83.52	195181.48	3.59	8390.15	4.16	9714.92	4.16	9714.92	0.72	1678.03	0.38	883.17	0.00	0.00	0.94	2207.94	0.13	309.11	0.19	441.59	112276.40
0.08	5.08	82.29	221392.06	1.83	4929.78	4.33	11652.21	5.50	14789.35	1.02	2733.79	0.33	896.32	0.00	0.00	1.17	3137.13	0.20	537.79	0.05	134.45	129257.50
0.10	5.26	74.49	140944.63	0.00	0.00	2.57	4870.66	6.27	11872.23	0.64	1217.66	0.00	0.00	0.32	608.83	2.09	3957.41	0.31	595.60	0.17	317.65	90902.57
0.12	5.43	81.38	157148.87	5.44	10497.17	2.56	4939.85	4.80	9262.21	0.27	524.86	0.32	617.48	0.00	0.00	2.08	4013.63	0.14	277.87	0.19	370.49	92776.59
0.14	5.61	79.58	190930.16	4.37	10480.65	3.61	8657.93	6.27	15037.46	0.82	1959.43	0.00	0.00	0.19	455.68	2.28	5468.17	0.23	546.82	0.15	364.54	115268.65
0.16	5.78	80.65	173809.79	3.72	8026.74	2.01	4322.09	5.73	12348.83	1.30	2809.36	0.14	308.72	0.00	0.00	2.15	4630.81	0.32	694.62	0.09	185.23	103539.17
0.18	5.96	80.38	203530.88	3.88	9825.63	6.28	15908.16	2.40	6082.53	1.13	2854.11	0.18	467.89	0.00	0.00	2.40	6082.53	0.31	795.41	0.13	327.52	121660.94
0.20	6.14	81.71	161156.84	4.30	8481.94	3.34	6597.06	4.30	8481.94	0.54	1068.10	0.00	0.00	0.00	0.00	2.07	4083.90	0.65	1272.29	0.38	753.95	94763.17
0.22	6.31	82.28	130572.61	3.16	5009.98	3.16	5009.98	4.54	7201.85	0.14	219.19	0.00	0.00	0.20	313.12	1.97	3131.24	0.44	704.53	0.27	422.72	76243.87
0.24	6.49	81.05	149418.47	3.83	7056.72	4.16	7670.35	3.33	6136.28	1.92	3543.70	0.00	0.00	0.00	0.00	2.33	4295.40	0.42	782.38	0.37	690.33	88578.81
0.26	6.66	82.98	171784.63	3.24	6712.72	3.39	7017.84	2.80	5797.35	0.90	1861.25	0.00	0.00	0.15	305.12	2.06	4271.73	0.33	686.53	0.22	457.69	99459.45
0.28	6.84	79.96	276569.89	3.34	11562.29	6.15	21274.61	2.67	9249.83	0.62	2127.46	0.13	462.49	0.40	1387.47	2.67	9249.83	0.12	416.24	0.13	462.49	166187.96
0.30	7.02	83.50	143505.97	1.85	3181.95	3.89	6682.10	2.78	4772.93	1.43	2450.10	0.19	318.20	0.37	636.39	2.96	5091.12	0.11	190.92	0.28	477.29	82569.55
0.32	7.19	83.53	323864.08	2.76	10702.40	4.44	17216.91	1.44	5583.86	1.18	4560.16	0.00	0.00	0.12	465.32	2.28	8841.12	0.25	977.18	0.16	604.92	186275.23
0.34	7.37	79.35	129220.87	1.86	3032.26	6.30	10263.03	3.15	5131.51	0.86	1399.50	0.00	0.00	0.29	466.50	4.01	6531.02	0.14	233.25	0.17	279.90	78244.72
0.36	7.55	82.49	168970.78	2.61	5349.17	5.22	10698.34	2.61	5349.17	0.59	1211.43	0.00	0.00	0.15	314.66	2.61	5349.17	0.30	613.58	0.37	755.18	98417.11
0.38	7.72	80.39	237667.71	1.59	4706.29	5.57	16472.02	2.87	8471.32	1.21	3576.78	0.00	0.00	0.16	470.63	4.46	13177.62	0.18	517.69	0.27	800.07	142046.01
0.40	7.90	83.90	230893.51	2.61	7185.48	4.00	11017.74	3.31	9101.61	0.28	766.45	0.00	0.00	0.00	0.00	2.79	7664.51	0.33	910.16	0.35	958.06	132223.01
0.42	8.07	87.92	166067.87	2.67	5051.49	3.18	5998.65	0.33	631.44	0.98	1846.95	0.00	0.00	0.00	0.00	2.51	4735.78	0.15	284.15	0.20	378.86	90755.13
0.44	8.25	84.39	129625.79	2.42	3712.43	3.63	5568.65	3.42	5259.28	0.17	262.96	0.00	0.00	0.00	0.00	3.02	4640.54	0.09	139.22	0.12	185.62	54119.07
0.46	8.43	85.71	160593.33	2.64	4950.85	3.14	5879.14	2.48	4641.43	1.08	2026.76	0.17	309.43	0.17	309.43	2.64	4950.85	0.17	324.90	0.15	278.49	66018.23
0.48	8.51	89.98	305722.52	1.11	3774.35	2.04	6919.65	2.41	8177.76	0.34	1163.76	0.00	0.00	0.00	0.00	2.59	8806.82	0.06	188.72	0.31	1037.95	596513.28
0.50	8.60	84.51	299884.18	1.94	6872.35	5.46	19367.52	0.88	3123.79	1.63	5779.02	0.00	0.00	0.18	624.76	2.11	7497.10	0.08	281.14	0.18	656.00	622981.61
0.52	8.69	87.11	350408.33	1.51	6083.48	4.39	17642.09	0.45	1825.04	0.19	760.43	0.00	0.00	0.30	1216.70	3.48	13992.00	0.14	547.51	0.27	1095.03	941538.53
0.54	8.78	88.65	400044.00	1.08	4886.03	3.38	15268.85	0.68	3053.77	1.04	4672.27	0.00	0.00	0.27	1221.51	2.44	10993.58	0.08	366.45	0.20	916.13	1056344.18
0.56	8.86	86.46	396890.90	1.21	5563.89	3.64	16691.67	1.08	4945.68	1.52	6954.86	0.13	618.21	0.40	1854.63	2.69	12364.20	0.20	927.32	0.20	927.32	1074521.54
0.58	8.95	90.58	465785.48	0.53	2750.70	2.14	11002.81	0.36	1833.80	0.68	3484.22	0.00	0.00	0.36	1833.80	3.39	17421.11	0.14	733.52	0.07	366.76	1203603.82
0.60	9.04	87.93	562492.55	1.19	7601.25	2.23	14252.35	0.59	3800.63	2.32	14822.44	0.00	0.00	0.30	1900.31	2.97	19003.13	0.06	380.06	0.13	855.14	1497466.08
0.62	9.13	88.18	376706.18	0.90	3843.94	3.75	16016.42	1.50	6406.57	1.18	5029.16	0.00	0.00	0.15	640.66	1.95	8328.54	0.18	768.79	0.29	1249.28	1000015.87
0.64	9.22	88.17	582671.52	0.42	2770.23	4.05	26778.88	0.84	5540.46	1.37	9049.42	0.00	0.00	0.42	2770.23	2.65	17544.78	0.08	554.05	0.11	738.73	1546958.85
0.66	9.30	94.93	272659.42	0.49	1400.65	0.65	1867.53	1.46	4201.94	0.29	840.39	0.00	0.00	0.16	466.88	0.81	2334.41	0.10	280.13	0.23	653.64	672321.97
0.68	9.39	90.05	447155.98	0.94	4687.17	2.83	14061.51	0.00	0.00	1.59	7874.44	0.00	0.00	0.00	0.00	2.27	11249.21	0.08	374.97	0.11	562.46	1162315.30
0.70	9.48	88.86	339890.20	1.14	4373.59	5.06	19368.74	0.49	1874.39	0.47	1780.67	0.00	0.00	0.16	624.80	1.80	6872.78	0.17	656.04	0.02	93.72	895336.68
0.72	9.57	96.78	378678.96	0.31	1229.48	0.31	1229.48	1.10	4303.17	0.00	0.00	0.00	0.00	0.00	0.00	0.63	2458.95	0.02	92.21	0.07	276.63	915887.63
0.74	9.65	88.00	482286.68	0.66	3633.04	4.64	25431.31	0.66	3633.04	1.04	5722.05	0.00	0.00	0.33	1816.52	1.82	9990.87	0.13	726.61	0.10	544.96	1282830.76
0.76	9.74	91.80	537532.20	0.48	2785.14	2.54	14854.08	0.16	928.38	1.71	10026.51	0.00	0.00	0.32	1856.76	1.74	10212.18	0.14	835.54	0.08	464.19	1370572.67
0.78	9.83	83.33	261903.65	0.20	617.70	6.88	21619.40	0.20	617.70	1.62	5096.00	0.00	0.00	0.39	1235.39	2.36	7412.37	0.29	926.55	0.12	370.62	735658.24
0.80	9.92	96.29	398786.75	0.15	630.99	0.46	1892.98	0.61	2523.97	0.30	1261.98	0.00	0.00	0.00	0.00	1.83	7571.90	0.00	0.00	0.07	283.95	969421.05
0.82	10.01	96.13	351094.11	0.68	2485.62	0.51	1864.22	1.19	4349.84	0.17	621.41	0.00	0.00	0.00	0.00	1.02	3728.43	0.00	0.00	0.03	93.21	854911.29
0.84	10.05	97.07	181107.34	0.20	371.88	0.00	0.00	1.20	2231.30	0.00	0.00	0.20	371.88	0.00	0.00	0.80	1487.53	0.00	0.00	0.27	502.04	218664.77
0.86	10.09	98.16	350332.93	0.17	609.27	0.00	0.00	0.85	3046.37	0.00	0.00	0.00	0.00	0.00	0.00	0.51	1827.82	0.00	0.00	0.20	731.13	418302.14
0.88	10.14	97.64	337755.38	0.54	1852.41	0.00	0.00	0.54	1852.41	0.25	864.46	0.00	0.00	0.00	0.00	0.71	2469.87	0.05	185.24	0.00	0.00	405401.79
0.90	10.18	93.47	892903.71	0.77	7379.37	1.35	12913.90	1.16	11069.05	0.19	1844.84	0.00	0.00	0.19	1844.84	1.54	14758.74	0.02	184.48	0.14	1291.39	1119563.99
0.92	10.23	96.72	533573.80	0.51	2798.46	0.00	0.00	0.51	2798.46	0.00	0.00	0.00	0.00	0.00	0.00	1.69	9328.21	0.00	0.00	0.14	746.26	646557.86
0.94	10.27	95.19	388730.43	0.18	749.00	0.37	1498.00	1.65	6740.99	0.18	749.00	0.00	0.00	0.00	0.00	1.65	6740.99	0.05	187.25	0.28	1123.50	478635.02
0.96	10.31	96.84	411956.04	0.35	1495.30	0.18	747.65	1.05	4485.91	0.18	747.65	0.00	0.00	0.00	0.00	0.88	3738.26	0.00	0.00	0.31	1308.39	498584.94
0.98	10.36	89.56	445284.20	0.38	1886.80	1.52	7547.19	1.33	6603.79	2.77	13773.62	0.00	0.00	0.19	943.40	1.71	8490.59	0.11	566.04	0.11	566.04	582684.57
1.00	10.40	95.40	342192.61	0.17	626.73	0.17	626.73	2.27	8147.44	0.17	626.73	0.00	0.00	0.00	0.00	0.70	2506.91	0.05	188.02	0.42	1504.14	168897.74
1.02	10.45	89.78	980397.22	1.55	16968.41	2.42	26395.31	0.52	5656.14	0.83	9049.82	0.00	0.00	0.17	1885.38	2.94	32051.45	0.07	754.15	0.03	377.08	514220.49
1.04	10.49	92.76	1026294.91	0.99	10996.02	2.15	23824.70	0.99	10996.02	1.61	17776.89	0.00	0.00	0.00	0.00	0.99	10996.02	0.03	366.53	0.08	916.33	520987.65
1.06	10.53	91.89	889855.17	0.77	7462.10	2.70	26117.34	0.00	0.00	0.69	6715.89	0.19	1865.52	0.00	0.00	3.08	29848.39	0.10	932.76	0.06	559.66	456009.70
1.08	10.58	89.06	615694.37	2.87	19861.11	2.33	16137.15	0.72	4965.28	0.33	2296.44	0.00	0.00	0.36	2482.64	3.23	22343.75	0.08	558.59	0.16	1117.19	325523.86
1.10	10.62	87.10	798804.93	1.40	12854.33	2.60	23872.33	0.20	1836.33	2.22	20383.30	0.00	0.00	0.60	5509.00	4.00	36726.66	0.16	1469.07	0.02	183.63	431839.26
1.12	10.67	90.74	652643.85	0.86	6203.84	2.24	16129.98	0.00	0.00	1.16	8313.14	0.00	0.00	0.00	0.00	3.28	23574.59	0.08	558.35	0.16	1116.69	338671.34
1.14	10.71	88.25	545846.84	0.75	4633.67	3.45	21314.90	0.60	3706.94	1.02	6301.80	0.45	2780.20	0.00	0.00	3.15	19461.43	0.18	1112.08	0.30	1853.47	291248.58
1.16	10.75	91.78	570322.68	0.40	2468.93	2.19	13579.11	0.20	1234.46	1.07	6666.11	0.00	0.00	0.60	3703.39	1.99	12344.65	0.00	0.00	0.12	740.68	292626.72
1.18	10.80	89.90	655074.10	1.02	7429.95	2.21	16098.23	0.34	2476.65	1.09	7925.28	0.00	0.00	0.85	6191.63	2.89	21051.53	0.03	185.75	0.03	185.75	343136.11
1.20	10.84	91.54	659813.49	0.17	1254.40	2.26	16307.18	1.04	7526.39	0.94	6773.75	0.00	0.00	0.17	1254.40	2.26	16307.18	0.08	564.48	0.10	752.64	339408.85
1.24	11.00	89.91	146324.67	0.35	561.71	3.62	5897.92	0.69	1123.41	0.52	842.56	0.17	280.85	0.52	842.56	2.07	3370.24	0.09	140.43	0.04	70.21	205665.73
1.26	11.12	91.11	217987.20	0.58	1391.41	2.91	6957.04	0.00	0.00	1.12	2690.05	0.00	0.00	0.19	463.80	2.33	5565.63	0.00	0.00	0.12	278.28	265028.38
1.28	11.24	94.72	163259.89	0.00	0.00	1.15	1977.20	0.33	564.91	0.41	706.14	0.00	0.00	0.33	564.91	1.47	2542.11	0.04	70.61	0.16	282.46	190939.26
1.30	11.36	91.96	193577.07	0.50	1044.48	2.65	5570.56	0.50	1044.48	2.05	4317.19	0.00	0.00	0.17	348.16	0.66	1392.64	0.13	278.53	0.13	278.53	233175.58
1.32	11.47	90.60	216898.97	1.18	2822.98	2.95	7057.45	0.39	940.99	1.06	2540.68	0.00	0.00	0.00	0.00	1.77	4234.47	0.06	141.15	0.12	282.30	265205.27
1.34	11.59	87.22	199606.09	0.77	1757.10	4.30	9839.74	0.31	702.84	1.90	4357.60	0.00	0.00	0.46	1054.26	1.84	4217.03	0.15	351.42	0.09	210.85	253498.65
1.36	11.71	90.31	140266.31	2.16	3359.67	2.34	3639.64	0.54	839.92	1.22	1889.82	0.00	0.00	0.18	279.97	0.90	1399.86	0.14	209.98	0.00	0.00	172047.66
1.38	11.83	88.22	216899.41	1.54	3788.64	2.70	6630.11	0.39	947.16	2.49	6132.85	0.00	0.00	0.00	0.00	2.31	5682.95	0.09	213.11	0.23	568.30	272346.35
1.40	11.95	91.12	166514.25	0.77	1411.14	3.28	5997.34	0.39	705.57	1.27	2328.38	0.00	0.00	0.58	1058.35	1.54	2822.28	0.04	70.56	0.08	141.11	202430.05
1.42	12.06	89.85	153212.32	1.87	3185.89	1.87	3185.89	0.68	1158.51	2.46	4199.58	0.00	0.00	0.17	289.63	0.51	868.88	0.00	0.00	0.17	289.63	188888.16
1.44	12.18	92.24	225129.36	0.60	1452.45	2.58	6293.94	0.20	484.15	2.18	5325.64	0.00	0.00	0.40	968.30	0.40	968.30	0.09	217.87	0.06	145.24	270353.30
1.46	12.30	92.74	248743.92	1.07	2875.65	1.25	3354.93	0.36	958.55	1.50	4025.91	0.00	0.00	0.71	1917.10	1.07	2875.65	0.05	143.78	0.00	0.00	297123.79
1.48	12.42	94.01	197764.24	1.52	3201.22	0.85	1778.46	0.68	1422.76	0.98	2063.01	0.17	355.69	0.51	1067.07	0.51	1067.07	0.00	0.00	0.03	71.14	233018.34
1.50	12.54	88.37	221587.51	1.34	3357.39	1.93	4849.56	0.15	373.04	1.96	4924.17	0.00	0.00	0.89	2238.26	3.72	9326.07	0.09	223.83	0.09	223.83	277774.99
1.52	12.65	90.95	207634.11	1.59	3623.63	1.11	2536.54	0.32	724.73	1.52	3478.69	0.32	724.73	1.27	2898.91	1.75	3986.00	0.00	0.00	0.03	72.47	252883.45
1.54	12.77	93.18	128792.10	2.86	3947.65	0.54	740.18	0.00	0.00	0.73	1011.59	0.00	0.00	1.43	1973.83	0.89	1233.64	0.05	74.02	0.00	0.00	153107.91
1.56	12.89	92.19	159750.16	1.74	3008.48	0.52	902.54	0.52	902.54	1.95	3384.54	0.17	300.85	0.69	1203.39	1.39	2406.78	0.00	0.00	0.04	75.21	191957.49
1.58	12.98	91.55	206084.16	3.40	7646.91	1.02	2294.07	0.34	764.69	0.93	2102.90	0.51	1147.04	0.68	1529.38	0.85	1911.73	0.00	0.00	0.04	95.59	177297.65
1.60	13.07	93.48	265364.87	1.19	3371.24	0.68	1926.42	0.17	481.61	0.78	2215.39	0.34	963.21	1.36	3852.85	1.19	3371.24	0.03	96.32	0.03	96.32	223572.40
1.62	13.17	89.63	221129.80	3.64	8985.84	1.27	3125.51	0.32	781.38	1.03	2539.48	0.48	1172.07	0.32	781.38	1.43	3516.20	0.04	97.67	0.12	293.02	194321.30
1.64	13.26	90.77	234058.23	2.23	5755.53	1.49	3837.02	0.30	767.40	1.45	3741.09	0.89	2302.21	0.60	1534.81	0.89	2302.21	0.00	0.00	0.04	95.93	203085.80
1.66	13.35	87.76	202137.73	3.03	6985.32	0.38	873.17	0.76	1746.33	1.82	4191.19	2.84	6548.74	0.38	873.17	1.14	2619.50	0.04	87.32	0.15	349.27	181420.93
1.68	13.44	90.22	141002.18	2.36	3688.19	1.27	1985.95	0.36	567.41	2.56	4000.26	0.36	567.41	0.00	0.00	0.91	1418.53	0.00	0.00	0.05	85.11	123100.10
1.70	13.53	87.19	162892.76	3.69	6887.64	1.66	3099.44	0.00	0.00	2.40	4476.97	1.47	2755.06	0.18	344.38	1.29	2410.68	0.14	258.29	0.09	172.19	147148.76
1.72	13.63	83.15	97812.05	5.53	6506.81	1.78	2098.97	0.71	839.59	3.07	3610.23	2.32	2728.66	0.18	209.90	0.54	629.69	0.29	335.84	0.29	335.84	92644.74
1.74	13.72	85.50	95572.92	3.80	4247.69	1.71	1911.46	0.19	212.38	3.28	3661.10	1.52	1699.07	0.19	212.38	1.71	1911.46	0.07	80.91	0.36	404.54	88043.93
1.76	13.77	89.76	141462.64	2.08	3283.47	0.35	547.24	0.35	547.24	2.43	3830.71	0.87	1368.11	0.17	273.62	1.22	1915.35	0.17	273.62	0.35	547.24	150616.71
1.78	13.83	86.63	149719.66	2.40	4139.71	1.40	2414.83	0.20	344.98	5.11	8831.39	0.80	1379.90	0.20	344.98	0.80	1379.90	0.00	0.00	0.16	275.98	165168.14
1.80	13.89	85.98	149834.81	1.74	3039.25	1.74	3039.25	0.00	0.00	5.13	8935.38	0.87	1519.62	0.35	607.85	2.27	3951.02	0.00	0.00	0.08	136.77	166541.68
1.82	13.95	86.45	202560.33	2.14	5018.39	0.97	2281.08	0.39	912.43	2.96	6934.50	1.75	4105.95	0.78	1824.87	2.53	5930.82	0.12	273.73	0.06	136.87	223921.55
1.84	14.01	84.98	182369.80	3.69	7911.92	1.84	3955.96	0.74	1582.38	3.36	7219.63	2.03	4351.56	0.37	791.19	1.11	2373.58	0.19	415.38	0.19	415.38	205093.17
1.86	14.06	86.35	236806.36	2.18	5977.64	0.67	1839.27	0.34	919.64	4.38	12001.25	2.85	7816.91	0.00	0.00	1.01	2758.91	0.00	0.00	0.15	413.84	262073.58
1.88	14.12	86.32	131947.74	2.49	3800.96	0.53	814.49	0.53	814.49	3.02	4615.46	2.13	3257.97	0.71	1085.99	0.71	1085.99	0.09	135.75	0.44	678.74	146074.20
1.90	14.18	83.91	209552.13	3.30	8235.67	0.37	915.07	1.47	3660.30	3.50	8738.96	1.83	4575.37	0.55	1372.61	2.20	5490.45	0.11	274.52	0.22	549.04	238648.99
1.92	14.24	85.55	243129.33	2.52	7167.08	1.36	3859.20	1.36	3859.20	1.99	5650.97	2.91	8269.71	0.19	551.31	1.75	4961.82	0.15	413.49	0.24	689.14	271598.20
1.94	14.29	85.64	131660.95	1.76	2711.55	1.18	1807.70	0.59	903.85	3.11	4775.35	2.16	3314.12	0.59	903.85	0.98	1506.42	0.18	271.16	0.26	406.73	146926.65
1.96	14.35	85.53	209724.81	1.51	3695.59	3.20	7853.13	0.38	923.90	3.30	8084.11	1.32	3233.64	0.19	461.95	1.70	4157.54	0.23	554.34	0.17	415.75	234328.08
1.98	14.41	82.51	234519.05	3.29	9336.82	1.35	3844.57	0.97	2746.12	5.02	14279.85	1.35	3844.57	0.19	549.22	1.35	3844.57	0.29	823.84	0.00	0.00	271618.95
2.00	14.47	81.94	182283.19	2.24	4975.47	3.25	7237.05	0.20	452.32	6.14	13659.93	0.41	904.63	0.00	0.00	0.81	1809.26	0.24	542.78	0.31	678.47	212583.50
2.02	14.52	87.42	85845.87	0.98	960.24	0.39	384.10	1.76	1728.44	2.41	2362.20	0.00	0.00	0.39	384.10	0.20	192.05	0.68	672.17	0.14	134.43	93839.81
2.04	14.58	80.40	198854.72	2.64	6519.83	5.05	12496.34	0.88	2173.28	4.50	11138.04	1.98	4889.87	0.22	543.32	2.20	5433.19	0.49	1222.47	0.11	271.66	236376.46
2.06	14.64	82.74	171169.54	2.61	5409.42	1.12	2318.32	0.75	1545.55	4.90	10142.66	1.87	3863.87	0.19	386.39	1.31	2704.71	0.72	1487.59	0.39	811.41	197697.22
2.08	14.70	81.01	137932.55	2.28	3889.64	4.74	8078.48	0.70	1196.81	4.08	6941.51	2.28	3889.64	0.70	1196.81	1.05	1795.22	0.16	269.28	0.16	269.28	162710.56
2.10	14.76	86.18	150131.42	2.91	5072.01	1.36	2366.94	1.55	2705.07	3.92	6830.30	1.75	3043.20	0.19	338.13	1.16	2028.80	0.00	0.00	0.31	541.01	166480.71
2.12	14.81	82.33	206487.06	4.85	12172.82	1.62	4057.61	0.36	901.69	5.23	13119.59	1.44	3606.76	0.54	1352.54	1.08	2705.07	0.16	405.76	0.11	270.51	239682.25
2.16	14.93	82.64	163880.40	2.55	5048.45	1.37	2718.40	0.98	1941.71	5.60	11106.59	1.37	2718.40	0.39	776.68	1.17	2330.05	0.21	407.76	0.34	679.60	189512.28
2.18	14.99	84.52	128298.74	1.17	1777.81	1.76	2666.72	1.37	2074.11	4.42	6711.24	0.20	296.30	0.20	296.30	1.56	2370.42	0.09	133.34	0.44	666.68	145063.55
2.20	15.04	78.07	116632.60	1.78	2664.20	0.59	888.07	0.99	1480.11	8.36	12492.12	0.40	592.04	0.59	888.07	2.38	3552.26	0.54	799.26	0.36	532.84	142762.28
2.22	15.10	81.83	119840.23	1.82	2663.12	0.20	295.90	1.41	2071.31	4.80	7027.67	0.81	1183.61	1.01	1479.51	2.42	3550.82	0.36	532.62	0.00	0.00	139961.44
2.24	15.16	81.26	130659.07	0.92	1474.71	0.18	294.94	1.28	2064.59	7.62	12254.82	0.37	589.88	0.55	884.82	3.12	5014.00	0.25	398.17	0.08	132.72	153656.63
2.26	15.22	81.34	124921.73	1.75	2683.28	0.00	0.00	0.39	596.29	6.06	9302.05	0.00	0.00	0.97	1490.71	3.69	5664.71	0.09	134.16	0.35	536.66	146776.71
2.28	15.27	80.70	89236.76	1.00	1107.16	0.00	0.00	2.40	2657.17	5.53	6111.50	0.00	0.00	1.00	1107.16	4.21	4650.05	0.00	0.00	0.00	0.00	105678.53
2.30	15.33	77.50	43663.29	2.27	1277.95	0.00	0.00	2.84	1597.44	5.67	3194.88	0.95	532.48	0.95	532.48	4.91	2768.89	0.00	0.00	0.00	0.00	53837.86
2.32	15.39	70.56	72768.56	2.00	2061.43	0.00	0.00	1.00	1030.72	7.54	7771.60	5.40	5565.87	2.60	2679.86	6.20	6390.44	0.13	133.99	0.00	0.00	98549.77
2.34	15.45	72.46	52494.80	0.38	277.75	0.38	277.75	1.34	972.13	9.03	6541.02	2.30	1666.50	2.49	1805.38	4.79	3471.88	0.00	0.00	0.18	131.93	69238.05
2.36	15.51	64.59	30256.94	0.58	273.41	0.39	182.27	2.14	1002.49	11.28	5285.85	5.25	2460.65	2.33	1093.62	6.81	3189.74	0.00	0.00	0.00	0.00	44766.12
2.38	15.56	64.05	53175.22	1.11	919.46	0.37	306.49	1.48	1225.94	6.50	5394.14	9.97	8275.11	2.03	1685.67	6.46	5363.50	0.00	0.00	0.17	137.92	79344.77
2.40	15.62	57.51	62792.78	1.35	1475.00	0.00	0.00	1.35	1475.00	6.24	6816.60	18.33	20017.83	2.12	2317.85	5.60	6110.71	0.13	136.96	0.00	0.00	104349.49
2.42	15.68	58.81	55100.13	2.53	2371.86	0.00	0.00	1.17	1094.70	9.59	8985.70	18.11	16967.92	2.34	2189.41	5.45	5108.62	0.00	0.00	0.00	0.00	89533.51
2.44	15.74	60.69	60634.63	2.30	2302.58	0.00	0.00	1.54	1535.05	8.95	8941.69	16.32	16309.95	2.30	2302.58	5.19	5180.81	0.00	0.00	0.00	0.00	95481.81
2.46	15.79	53.42	103337.55	5.16	9989.30	0.00	0.00	0.53	1033.38	7.44	14398.37	24.22	46846.36	1.25	2411.21	4.27	8267.00	0.00	0.00	0.00	0.00	184868.73
2.48	15.85	46.26	59931.83	6.77	8776.63	0.19	250.76	0.97	1253.80	6.52	8450.64	27.48	35608.04	1.16	1504.56	7.55	9779.67	0.00	0.00	0.00	0.00	123809.95
2.50	15.91	44.43	38745.73	4.17	3632.41	0.00	0.00	0.60	518.92	10.08	8786.98	28.76	25080.94	2.58	2248.64	5.55	4843.22	0.00	0.00	0.00	0.00	83344.73
2.52	15.97	46.61	36398.92	4.86	3791.55	0.00	0.00	0.78	606.65	9.79	7643.77	24.08	18806.11	3.50	2729.92	5.05	3943.22	0.00	0.00	0.00	0.00	74627.63
2.54	16.02	54.35	63798.65	2.36	2773.85	0.00	0.00	0.39	462.31	10.83	12713.50	14.77	17336.59	1.77	2080.39	9.06	10633.11	0.00	0.00	0.00	0.00	112174.60
2.56	16.08	63.81	55760.91	2.17	1898.98	0.00	0.00	0.79	690.54	11.02	9633.00	4.94	4315.86	2.17	1898.98	8.49	7423.28	0.00	0.00	0.00	0.00	83512.01
2.58	16.14	60.01	69139.40	0.80	918.80	0.00	0.00	0.20	229.70	10.09	11622.77	9.97	11484.95	2.19	2526.69	11.36	13092.84	0.00	0.00	0.00	0.00	110107.30
2.60	16.20	52.08	41678.76	0.87	692.34	0.00	0.00	0.00	0.00	10.90	8723.46	12.46	9969.67	1.90	1523.14	13.67	10938.94	0.00	0.00	0.00	0.00	76484.88
2.62	16.26	59.08	71548.67	2.68	3241.69	0.00	0.00	0.96	1157.75	7.95	9632.44	12.24	14819.14	0.96	1157.75	10.71	12966.75	0.00	0.00	0.00	0.00	115729.55
2.64	16.31	54.86	44048.29	1.36	1089.53	0.00	0.00	0.00	0.00	10.39	8342.71	13.38	10739.69	1.16	933.89	12.99	10428.39	0.00	0.00	0.00	0.00	76730.05
2.66	16.37	56.18	52437.64	1.31	1223.54	0.00	0.00	0.19	174.79	13.81	12890.92	9.55	8914.40	1.50	1398.34	12.17	11361.49	0.00	0.00	0.00	0.00	89199.54
2.68	16.43	60.76	62032.95	2.18	2229.94	0.00	0.00	0.40	405.44	8.61	8788.00	9.33	9527.94	0.99	1013.61	13.50	13785.10	0.00	0.00	0.00	0.00	97572.92
2.70	16.49	60.04	42183.47	0.38	263.65	0.00	0.00	1.50	1054.59	7.50	5272.93	10.13	7118.46	1.69	1186.41	11.63	8173.05	0.00	0.00	0.00	0.00	67145.82
2.72	16.54	52.90	50123.84	4.31	4084.16	0.00	0.00	1.18	1113.86	9.42	8929.47	6.47	6126.25	1.37	1299.51	12.74	12066.85	0.00	0.00	0.00	0.00	90550.47
2.74	16.60	54.85	52499.30	2.96	2832.70	0.00	0.00	1.18	1133.08	9.57	9159.05	5.52	5287.70	0.99	944.23	14.21	13596.94	0.00	0.00	0.00	0.00	91462.86
2.76	16.66	53.97	46005.83	3.66	3121.82	0.00	0.00	1.16	985.84	11.72	9989.84	5.78	4929.20	2.12	1807.37	11.76	10022.70	0.00	0.00	0.00	0.00	81461.84
2.78	16.72	59.58	62197.95	5.17	5399.82	0.00	0.00	0.96	999.97	9.16	9559.69	6.13	6399.79	0.77	799.97	9.96	10399.66	0.00	0.00	0.12	130.00	99757.16
2.80	16.77	57.62	87434.46	4.40	6681.04	0.00	0.00	0.57	871.44	10.97	16644.50	5.55	8423.92	1.15	1742.88	11.87	18009.76	0.00	0.00	0.00	0.00	145003.07
2.84	16.87	56.33	96280.92	5.60	9564.33	0.00	0.00	0.93	1594.06	11.36	19415.59	5.60	9564.33	1.49	2550.49	12.12	20722.72	0.10	175.35	0.00	0.00	121602.50
2.86	16.91	69.04	83723.93	1.92	2332.14	0.58	699.64	0.38	466.43	11.30	13701.34	2.88	3498.21	0.58	699.64	5.58	6763.21	0.00	0.00	0.00	0.00	147820.04
2.88	16.96	80.81	144130.76	0.97	1728.19	1.94	3456.37	0.19	345.64	3.78	6739.93	1.94	3456.37	0.39	691.27	4.84	8640.93	0.29	518.46	0.00	0.00	217392.78
2.90	17.00	71.25	97322.73	1.56	2133.10	0.20	266.64	0.20	266.64	6.27	8559.07	3.32	4532.84	1.95	2666.38	5.47	7465.85	0.00	0.00	0.00	0.00	166502.45
2.92	17.04	72.36	83039.57	1.72	1977.13	0.19	219.68	0.38	439.36	10.41	11950.67	2.11	2416.50	1.72	1977.13	4.79	5492.03	0.00	0.00	0.00	0.00	139885.04
2.94	17.09	74.25	139344.97	1.88	3527.72	0.38	705.54	0.94	1763.86	9.49	17814.99	1.69	3174.95	1.32	2469.40	3.76	7055.44	0.00	0.00	0.09	176.39	228760.30
2.96	17.13	57.39	73346.41	5.78	7385.58	0.00	0.00	0.20	254.68	19.19	24525.21	2.99	3820.13	2.59	3310.78	3.79	4838.83	0.00	0.00	0.00	0.00	155772.87
2.98	17.17	58.33	65776.94	5.16	5815.64	0.18	200.54	0.53	601.62	16.79	18930.92	3.73	4211.33	1.78	2005.39	4.98	5615.10	0.00	0.00	0.00	0.00	137449.36
3.00	17.22	56.88	56266.15	3.80	3763.02	0.00	0.00	0.18	179.19	22.10	21861.37	2.36	2329.49	1.45	1433.53	2.72	2687.87	0.00	0.00	0.00	0.00	120567.84
3.02	17.26	59.87	61193.93	4.32	4412.10	0.38	383.66	1.31	1342.81	15.22	15557.45	1.50	1534.64	2.82	2877.46	3.38	3452.95	0.00	0.00	0.00	0.00	124582.40
3.04	17.30	55.29	81107.52	3.82	5611.21	0.00	0.00	0.35	510.11	16.59	24332.26	2.96	4335.94	4.00	5866.27	3.65	5356.16	0.00	0.00	0.00	0.00	178824.77
3.06	17.34	66.59	115947.54	3.77	6569.27	0.38	656.93	0.57	985.39	11.38	19822.76	2.08	3613.10	1.70	2956.17	3.96	6897.73	0.00	0.00	0.00	0.00	212236.20
3.10	17.43	55.74	135197.16	5.70	13832.05	0.18	446.20	0.37	892.39	15.78	38283.55	2.02	4908.15	1.10	2677.17	9.20	22309.76	0.00	0.00	0.00	0.00	295650.90
3.12	17.47	65.62	116846.83	5.90	10503.09	0.00	0.00	0.37	656.44	10.27	18281.93	2.58	4595.10	0.92	1641.11	5.53	9846.64	0.00	0.00	0.00	0.00	217060.86
3.14	17.52	60.87	152292.16	7.33	18348.45	0.00	0.00	1.28	3210.98	13.90	34770.32	1.65	4128.40	2.38	5963.25	6.97	17431.03	0.00	0.00	0.00	0.00	304950.55
3.16	17.56	70.62	162726.52	3.51	8091.37	0.00	0.00	0.39	899.04	9.99	23015.46	1.17	2697.12	1.17	2697.12	5.85	13485.62	0.00	0.00	0.00	0.00	280868.60
3.18	17.60	66.88	159017.72	2.76	6557.43	0.00	0.00	0.52	1229.52	15.24	36229.81	2.07	4918.07	2.59	6147.59	3.79	9016.47	0.00	0.00	0.00	0.00	289820.38
3.20	17.64	63.74	150233.57	7.99	18830.37	0.35	818.71	0.87	2046.78	10.53	24827.43	3.13	7368.40	1.74	4093.56	5.21	12280.67	0.08	184.21	0.08	184.21	287307.79
3.22	17.69	59.53	178083.87	10.28	30740.67	0.18	530.01	0.35	1060.02	12.40	37100.81	2.83	8480.18	2.13	6360.14	3.90	11660.25	0.00	0.00	0.00	0.00	364625.58
3.24	17.73	69.60	121515.46	5.04	8791.82	0.00	0.00	0.90	1569.97	11.33	19781.59	2.16	3767.92	1.08	1883.96	4.14	7221.85	0.00	0.00	0.18	313.99	226137.32
3.26	17.79	65.37	104007.69	5.39	8568.82	0.00	0.00	0.74	1181.91	10.77	17137.63	3.53	5614.05	1.11	1772.86	3.90	6205.00	0.00	0.00	0.00	0.00	180649.36
3.28	17.84	69.35	101519.06	5.83	8533.49	0.00	0.00	0.20	294.26	6.43	9416.26	3.22	4708.13	0.20	294.26	5.83	8533.49	0.00	0.00	0.20	294.26	166207.07
3.30	17.89	63.17	78731.70	4.97	6189.60	0.00	0.00	0.79	990.34	9.54	11884.03	3.77	4704.10	0.99	1237.92	4.97	6189.60	0.00	0.00	0.12	148.55	141502.34
3.32	17.95	68.76	90680.60	6.60	8705.34	0.18	241.81	1.10	1450.89	7.52	9914.41	2.75	3627.22	0.37	483.63	3.85	5078.11	0.00	0.00	0.00	0.00	149735.99
3.34	18.00	77.59	116676.24	2.87	4321.34	0.00	0.00	1.15	1728.54	7.47	11235.49	0.57	864.27	0.00	0.00	2.49	3745.16	0.10	144.04	0.10	144.04	170736.29
3.36	18.06	69.03	147971.68	6.13	13143.62	0.00	0.00	0.79	1695.95	6.33	13567.60	3.56	7631.78	1.78	3815.89	5.34	11447.67	0.00	0.00	0.00	0.00	243357.78
3.38	18.11	70.96	133911.19	6.61	12473.92	0.19	366.88	1.17	2201.28	5.44	10272.64	3.50	6603.84	0.97	1834.40	4.28	8071.36	0.00	0.00	0.08	146.75	214265.81
3.40	18.16	70.21	154096.71	7.99	17539.46	0.19	417.61	0.95	2088.03	5.90	12945.79	4.57	10022.55	1.52	3340.85	2.66	5846.49	0.00	0.00	0.00	0.00	249201.29
3.42	18.22	68.50	189261.14	9.47	26174.41	0.55	1510.06	0.00	0.00	5.47	15100.62	7.29	20134.16	3.10	8557.02	1.82	5033.54	0.00	0.00	0.05	151.01	313685.72
3.44	18.27	68.65	168669.55	8.43	20713.80	0.17	422.73	0.69	1690.92	4.13	10145.54	5.85	14372.84	4.65	11413.73	2.41	5918.23	0.00	0.00	0.00	0.00	278968.19
3.46	18.32	64.56	96071.86	8.32	12387.49	0.00	0.00	0.00	0.00	5.36	7983.05	6.84	10185.27	4.07	6056.11	2.96	4404.44	0.00	0.00	0.00	0.00	168956.44
3.48	18.38	68.38	213765.76	9.91	30980.55	0.00	0.00	0.00	0.00	4.76	14870.66	8.92	27882.49	0.79	2478.44	0.79	2478.44	0.20	619.61	0.00	0.00	354901.76
3.50	18.43	67.11	170648.06	9.03	22952.66	0.20	498.97	0.20	498.97	4.91	12474.27	9.81	24948.55	0.78	1995.88	1.77	4490.74	0.06	149.69	0.00	0.00	288690.57
3.52	18.49	82.87	232285.18	2.68	7509.22	0.00	0.00	0.18	500.61	5.36	15018.44	1.79	5006.15	1.07	3003.69	1.61	4505.53	0.00	0.00	0.00	0.00	318230.59
3.54	18.54	78.78	219682.83	4.08	11379.97	0.18	494.78	0.53	1484.34	3.55	9895.62	5.68	15833.00	1.24	3463.47	0.53	1484.34	0.00	0.00	0.00	0.00	316600.83
3.56	18.59	75.53	313308.91	5.53	22925.04	0.18	764.17	0.00	0.00	4.24	17575.87	4.97	20632.54	1.84	7641.68	1.84	7641.68	0.07	305.67	0.00	0.00	470930.33
3.58	18.65	71.90	279533.00	5.83	22648.73	0.15	596.02	0.15	596.02	5.21	20264.65	7.05	27416.88	1.69	6556.21	1.38	5364.17	0.27	1043.03	0.00	0.00	441369.45
3.60	18.70	67.53	299571.29	8.61	38180.65	0.17	734.24	0.00	0.00	8.11	35977.92	7.94	35243.68	1.32	5873.95	1.32	5873.95	0.20	881.09	0.00	0.00	503673.01
3.62	18.75	77.53	254730.04	5.91	19408.00	0.18	606.50	0.37	1213.00	3.88	12736.50	4.98	16375.50	1.11	3639.00	1.48	4852.00	0.14	454.88	0.00	0.00	373042.00
3.64	18.81	72.59	273266.51	6.33	23842.04	0.16	611.33	0.32	1222.67	4.22	15894.70	6.33	23842.04	0.65	2445.34	2.76	10392.69	0.00	0.00	0.04	152.83	427377.09
3.66	18.86	69.50	266149.78	7.79	29814.59	0.19	727.19	0.19	727.19	4.37	16725.26	8.93	34177.70	1.52	5817.48	1.71	6544.67	0.15	581.75	0.04	145.44	434764.23
3.68	18.92	70.49	312016.69	8.22	36401.95	0.34	1485.79	0.00	0.00	4.53	20058.22	10.07	44573.81	1.68	7428.97	1.51	6686.07	0.17	742.90	0.00	0.00	502524.18
3.70	18.97	76.13	326800.81	6.97	29913.12	0.35	1495.66	0.00	0.00	4.53	19443.53	3.14	13460.90	1.57	6730.45	1.57	6730.45	0.14	598.26	0.00	0.00	487350.60
3.72	19.02	75.14	188236.19	7.79	19506.34	0.00	0.00	0.39	975.32	3.50	8777.85	5.06	12679.12	1.36	3413.61	1.56	3901.27	0.12	292.60	0.00	0.00	284415.53
3.74	19.08	70.23	244702.49	8.99	31326.65	0.00	0.00	0.00	0.00	3.73	13003.51	7.46	26007.03	1.02	3546.41	1.36	4728.55	0.04	147.77	0.00	0.00	395594.08
3.76	19.13	71.29	261649.14	10.09	37025.82	0.84	3085.49	0.00	0.00	3.87	14193.23	7.06	25918.08	0.34	1234.19	0.67	2468.39	0.08	308.55	0.00	0.00	416692.65
3.78	19.18	74.26	161822.83	8.93	19449.86	0.36	777.99	0.00	0.00	4.64	10113.93	4.82	10502.92	1.79	3889.97	0.71	1555.99	0.14	311.20	0.14	311.20	247410.13
3.80	19.24	68.32	227459.58	9.73	32406.88	0.18	611.45	0.00	0.00	4.78	15897.71	9.18	30572.52	1.84	6114.50	0.37	1222.90	0.18	611.45	0.09	305.73	377995.92
3.82	19.29	71.00	151548.52	8.50	18140.47	0.71	1511.71	0.00	0.00	3.72	7936.46	5.84	12471.57	0.71	1511.71	1.95	4157.19	0.07	151.17	0.00	0.00	242342.70
3.84	19.35	78.86	185890.18	5.87	13833.69	0.18	432.30	0.00	0.00	5.68	13401.38	1.28	3026.12	1.83	4323.03	1.47	3458.42	0.00	0.00	0.00	0.00	267640.24
3.86	19.40	75.36	163109.85	5.77	12480.70	0.60	1291.11	0.20	430.37	6.96	15062.91	2.19	4734.06	2.39	5164.43	1.39	3012.58	0.00	0.00	0.14	301.26	245750.11
3.88	19.45	75.27	191810.31	6.36	16209.32	0.35	900.52	0.18	450.26	5.30	13507.77	2.83	7204.14	3.18	8104.66	0.88	2251.29	0.00	0.00	0.19	472.77	289338.83
3.90	19.51	70.28	138885.31	11.68	23084.48	0.19	378.43	0.00	0.00	4.98	9839.29	5.36	10596.15	1.53	3027.47	1.53	3027.47	0.00	0.00	0.08	151.37	224364.97
3.92	19.56	71.33	166269.45	10.03	23381.64	0.19	432.99	0.19	432.99	6.32	14721.77	4.83	11257.83	1.67	3896.94	1.49	3463.95	0.13	303.10	0.07	151.55	264651.21
3.94	19.61	69.28	183006.60	13.12	34664.20	0.00	0.00	0.00	0.00	5.02	13253.96	5.60	14783.26	1.35	3568.37	1.35	3568.37	0.00	0.00	0.00	0.00	299914.62
3.96	19.67	67.04	139217.72	14.04	29165.72	0.19	388.88	0.19	388.88	5.99	12444.04	3.00	6222.02	1.69	3499.89	2.06	4277.64	0.07	155.55	0.00	0.00	235765.74
3.98	19.72	71.46	145889.36	10.15	20729.59	0.19	391.12	0.38	782.25	6.13	12515.98	3.07	6257.99	2.49	5084.62	1.92	3911.24	0.08	156.45	0.00	0.00	231799.90
4.00	19.77	74.73	179938.24	9.59	23103.18	0.18	444.29	0.00	0.00	3.69	8885.84	3.51	8441.55	1.48	3554.34	1.29	3110.04	0.00	0.00	0.13	311.00	273372.99
4.02	19.83	74.28	128669.33	8.70	15063.73	0.00	0.00	0.18	313.83	4.71	8159.52	1.45	2510.62	2.72	4707.41	0.72	1255.31	0.27	470.74	0.00	0.00	196679.09
4.04	19.88	73.41	137502.23	8.81	16500.27	0.92	1718.78	0.00	0.00	8.26	15469.00	2.02	3781.31	2.75	5156.33	0.55	1031.27	0.08	154.69	0.00	0.00	212644.74
4.08	20.00	78.22	191602.25	7.65	18748.67	0.37	914.57	0.19	457.28	4.48	10974.83	2.24	5487.42	2.24	5487.42	1.68	4115.56	0.11	274.37	0.00	0.00	310807.43
4.10	20.07	78.85	138247.99	6.50	11388.85	0.00	0.00	0.18	316.36	3.97	6959.85	2.89	5061.71	1.44	2530.86	2.35	4112.64	0.00	0.00	0.07	126.54	171503.84
4.12	20.14	74.56	121781.62	10.49	17135.10	0.19	305.98	0.00	0.00	5.43	8873.53	2.06	3365.82	1.31	2141.89	2.44	3977.79	0.00	0.00	0.22	367.18	159774.39
4.14	20.20	80.93	107118.68	2.37	3130.82	0.00	0.00	0.00	0.00	5.07	6708.89	0.68	894.52	1.35	1789.04	3.04	4025.34	0.09	123.00	0.00	0.00	129481.57
4.16	20.27	76.26	116281.62	6.81	10376.84	0.40	610.40	0.00	0.00	4.40	6714.42	1.00	1526.01	0.40	610.40	2.80	4272.82	0.00	0.00	0.16	244.16	149155.22
4.18	20.33	80.39	142701.80	5.27	9362.79	0.18	322.85	0.00	0.00	4.91	8717.08	1.82	3228.55	0.36	645.71	2.36	4197.11	0.00	0.00	0.00	0.00	173636.84
4.20	20.40	79.92	123823.81	5.77	8932.56	0.20	308.02	0.20	308.02	4.97	7700.49	0.40	616.04	0.60	924.06	2.98	4620.29	0.16	246.42	0.16	246.42	151557.00
4.22	20.47	77.19	103283.12	8.86	11860.26	0.00	0.00	0.18	247.09	2.22	2965.07	1.66	2223.80	0.37	494.18	2.59	3459.24	0.00	0.00	0.18	247.09	130882.46
4.24	20.53	81.62	126486.18	4.02	6230.85	0.00	0.00	0.20	311.54	4.22	6542.39	2.61	4050.05	1.01	1557.71	1.01	1557.71	0.16	249.23	0.16	249.23	151583.79
4.26	20.60	76.63	80334.26	6.57	6885.79	0.20	208.66	0.00	0.00	4.98	5216.51	1.59	1669.28	0.80	834.64	2.19	2295.26	0.00	0.00	0.36	375.59	102546.22
4.28	20.67	76.35	101935.52	9.31	12431.16	0.19	248.62	0.00	0.00	3.91	5221.09	1.68	2237.61	0.56	745.87	2.05	2734.86	0.09	124.31	0.37	497.25	130600.82
4.30	20.73	77.84	143193.04	7.50	13801.74	0.00	0.00	0.00	0.00	3.19	5865.74	3.56	6555.83	0.38	690.09	2.63	4830.61	0.07	120.77	0.07	120.77	179950.55
4.32	20.80	76.50	82172.64	5.56	5972.45	0.38	411.89	0.19	205.95	6.90	7414.07	0.96	1029.73	1.73	1853.52	2.30	2471.36	0.12	123.57	0.23	247.14	105080.44
4.34	20.86	79.16	121454.46	6.36	9765.18	0.00	0.00	0.00	0.00	5.17	7934.21	0.60	915.49	2.19	3356.78	1.19	1830.97	0.00	0.00	0.00	0.00	150091.32
4.36	20.93	75.95	99919.43	6.31	8306.26	0.19	244.30	0.19	244.30	6.50	8550.56	0.37	488.60	1.11	1465.81	1.67	2198.72	0.00	0.00	0.09	122.15	128689.26
4.38	21.00	78.62	124547.33	4.84	7669.17	0.19	306.77	0.39	613.53	4.45	7055.64	0.19	306.77	1.55	2454.13	1.74	2760.90	0.08	122.71	0.08	122.71	154961.77
4.40	21.06	73.59	73450.05	6.67	6659.98	0.00	0.00	0.57	570.86	6.67	6659.98	0.00	0.00	1.53	1522.28	1.91	1902.85	0.00	0.00	0.00	0.00	97629.31
4.42	21.13	76.76	84698.06	7.47	8246.92	0.20	222.89	0.20	222.89	6.87	7578.25	0.20	222.89	1.21	1337.34	2.02	2228.90	0.00	0.00	0.00	0.00	107936.64
4.44	21.20	77.66	111278.88	7.84	11234.89	0.19	267.50	0.19	267.50	3.73	5349.95	1.31	1872.48	1.12	1604.98	2.43	3477.46	0.00	0.00	0.00	0.00	140162.05
4.46	21.26	81.07	90099.89	5.28	5866.97	0.38	419.07	0.00	0.00	6.03	6705.11	0.00	0.00	1.32	1466.74	0.75	838.14	0.11	125.72	0.00	0.00	108714.94
4.48	21.33	79.58	71263.89	4.76	4262.19	0.00	0.00	0.19	170.49	7.04	6308.05	0.00	0.00	1.33	1193.41	0.76	681.95	0.00	0.00	0.00	0.00	87597.00
4.50	21.40	78.68	70005.31	4.54	4035.39	0.00	0.00	0.20	175.45	6.51	5789.91	0.20	175.45	2.17	1929.97	0.99	877.26	0.00	0.00	0.00	0.00	87032.53
4.54	21.49	75.02	134297.92	9.14	16352.34	0.19	347.92	0.39	695.84	6.22	11133.51	0.00	0.00	0.78	1391.69	0.58	1043.77	0.00	0.00	0.00	0.00	124860.79
4.56	21.52	68.73	101976.32	2.70	4010.30	0.19	286.45	0.19	286.45	15.44	22916.03	0.19	286.45	2.90	4296.76	1.35	2005.15	0.00	0.00	0.00	0.00	192277.41
4.58	21.55	77.88	289094.44	3.59	13342.82	0.17	635.37	0.17	635.37	9.93	36851.60	0.00	0.00	1.71	6353.72	1.20	4447.61	0.00	0.00	0.00	0.00	480993.33
4.60	21.58	79.92	284197.71	4.55	16184.38	0.36	1294.75	0.00	0.00	7.10	25247.63	0.00	0.00	1.64	5826.38	1.46	5179.00	0.08	291.32	0.00	0.00	460802.46
4.62	21.60	80.43	197598.14	6.14	15087.54	0.00	0.00	0.20	486.69	5.94	14600.85	0.20	486.69	1.19	2920.17	1.39	3406.86	0.00	0.00	0.00	0.00	318364.99
4.64	21.63	80.06	368176.09	7.03	32311.07	0.18	850.29	0.00	0.00	6.84	31460.77	0.18	850.29	0.92	4251.46	1.48	6802.33	0.00	0.00	0.00	0.00	595927.84
4.66	21.66	81.00	334478.65	7.54	31131.13	0.35	1447.96	0.00	0.00	4.21	17375.51	0.00	0.00	1.05	4343.88	1.75	7239.80	0.00	0.00	0.00	0.00	535124.80
4.68	21.69	83.45	411251.74	3.95	19444.53	0.00	0.00	0.20	972.23	4.73	23333.43	0.39	1944.45	0.79	3888.91	0.99	4861.13	0.00	0.00	0.00	0.00	638614.55
4.70	21.72	81.88	186328.94	3.50	7966.56	0.00	0.00	0.00	0.00	4.28	9736.90	0.58	1327.76	0.39	885.17	0.39	885.17	0.00	0.00	0.00	0.00	294874.49
4.72	21.74	84.84	435822.66	2.26	11596.17	0.19	966.35	0.00	0.00	4.14	21259.64	0.19	966.35	1.50	7730.78	0.56	2899.04	0.06	289.90	0.00	0.00	665682.89
4.76	21.83	83.53	315735.62	5.10	19270.25	0.20	741.16	0.20	741.16	2.75	10376.29	0.00	0.00	0.20	741.16	1.18	4446.98	0.05	185.29	0.00	0.00	770295.59
4.78	21.89	85.57	151061.06	3.60	6349.91	0.00	0.00	0.19	334.21	5.49	9691.97	0.19	334.21	0.95	1671.03	0.95	1671.03	0.08	133.68	0.08	133.68	164718.81
4.80	21.95	80.16	134906.99	4.81	8094.42	0.18	299.79	0.00	0.00	5.34	8993.80	0.36	599.59	0.71	1199.17	1.96	3297.73	0.00	0.00	0.00	0.00	157045.34
4.82	22.02	79.08	83401.11	4.88	5148.22	0.00	0.00	0.00	0.00	5.27	5560.07	0.00	0.00	0.98	1029.64	1.17	1235.57	0.00	0.00	0.00	0.00	98411.24
4.84	22.08	77.75	97330.41	6.77	8473.47	0.00	0.00	0.55	687.04	6.04	7557.42	0.18	229.01	1.46	1832.10	2.38	2977.17	0.11	137.41	0.00	0.00	116804.61
4.86	22.14	79.96	110084.00	4.86	6696.11	0.00	0.00	0.19	267.84	5.45	7499.64	0.00	0.00	0.78	1071.38	1.36	1874.91	0.10	133.92	0.10	133.92	128462.45
4.88	22.20	79.54	111248.04	5.02	7020.51	0.00	0.00	0.77	1080.08	5.02	7020.51	0.00	0.00	0.97	1350.10	1.54	2160.16	0.00	0.00	0.10	135.01	130513.55
4.90	22.26	79.77	119981.38	5.75	8655.37	0.20	298.46	0.00	0.00	6.95	10446.14	0.20	298.46	0.60	895.38	0.40	596.92	0.09	134.31	0.00	0.00	140347.91
4.92	22.32	80.80	121482.88	3.26	4902.90	0.00	0.00	0.54	817.15	5.62	8443.88	0.54	817.15	0.72	1089.53	0.72	1089.53	0.00	0.00	0.00	0.00	140297.53
4.94	22.38	82.90	105352.34	2.87	3649.62	0.00	0.00	0.19	243.31	4.79	6082.70	0.19	243.31	1.34	1703.16	1.15	1459.85	0.00	0.00	0.00	0.00	118578.80
4.96	22.44	76.05	79764.42	6.12	6422.59	0.00	0.00	0.20	207.18	5.93	6215.41	0.20	207.18	1.19	1243.08	1.19	1243.08	0.00	0.00	0.00	0.00	97868.79
4.98	22.50	83.33	145788.70	4.22	7390.21	0.00	0.00	0.00	0.00	4.42	7726.13	0.00	0.00	0.00	0.00	0.96	1679.59	0.15	268.73	0.00	0.00	163243.47
5.00	22.56	81.73	96480.28	3.78	4456.36	0.00	0.00	0.19	222.82	6.80	8021.45	0.19	222.82	0.57	668.45	0.38	445.64	0.11	133.69	0.00	0.00	110152.23
5.02	22.62	77.89	77653.02	3.86	3844.21	0.19	192.21	0.58	576.63	6.36	6342.94	0.58	576.63	1.54	1537.68	0.39	384.42	0.13	134.55	0.00	0.00	93030.19
5.04	22.68	83.17	81315.67	4.90	4794.56	0.00	0.00	0.20	191.78	1.57	1534.26	0.20	191.78	0.00	0.00	1.77	1726.04	0.00	0.00	0.27	268.50	91230.26
5.06	22.74	79.81	72382.60	2.45	2224.52	0.19	171.12	0.19	171.12	7.17	6502.46	0.38	342.23	1.89	1711.17	1.32	1197.82	0.00	0.00	0.00	0.00	84625.34
5.08	22.80	82.53	125466.16	2.57	3911.41	0.00	0.00	0.40	601.76	6.33	9628.10	0.00	0.00	1.78	2707.90	2.38	3610.54	0.09	135.40	0.00	0.00	141849.42
5.10	22.86	83.81	108540.04	3.22	4174.62	0.00	0.00	0.38	491.13	3.60	4665.75	0.19	245.57	0.57	736.70	0.57	736.70	0.10	135.06	0.10	135.06	120847.75
5.12	22.93	83.78	126439.77	5.26	7939.24	0.00	0.00	0.00	0.00	3.51	5292.83	0.19	294.05	0.58	882.14	0.97	1470.23	0.18	264.64	0.00	0.00	140823.43
5.14	22.99	84.66	91308.35	1.77	1911.10	0.00	0.00	0.39	424.69	4.53	4883.93	0.20	212.34	1.58	1698.76	0.98	1061.72	0.00	0.00	0.00	0.00	100635.44
5.16	23.05	83.90	90721.58	3.38	3654.66	0.00	0.00	0.40	429.96	3.58	3869.64	0.00	0.00	1.39	1504.86	1.19	1289.88	0.13	139.74	0.00	0.00	100891.28
5.18	23.11	83.97	101850.99	3.03	3678.59	0.19	229.91	0.00	0.00	6.25	7587.09	0.00	0.00	0.76	919.65	0.76	919.65	0.23	275.89	0.00	0.00	113187.13
5.20	23.17	82.11	165378.42	3.83	7709.95	0.00	0.00	0.38	770.99	5.74	11564.92	0.00	0.00	0.96	1927.49	1.15	2312.98	0.00	0.00	0.00	0.00	187930.38
5.22	23.23	85.86	129017.20	3.94	5918.22	0.00	0.00	0.00	0.00	4.73	7101.86	0.00	0.00	1.58	2367.29	0.59	887.73	0.09	133.16	0.00	0.00	140211.79
5.24	23.29	83.18	86048.52	4.72	4882.19	0.00	0.00	0.00	0.00	4.13	4271.91	0.00	0.00	0.59	610.27	0.98	1017.12	0.13	132.23	0.00	0.00	96531.13
5.26	23.35	85.85	144122.59	4.85	8146.06	0.00	0.00	0.19	313.31	3.36	5639.58	0.00	0.00	1.31	2193.17	0.19	313.31	0.00	0.00	0.07	125.32	156641.80
5.28	23.41	81.81	89577.57	5.74	6289.95	0.00	0.00	0.40	433.79	4.56	4988.58	0.79	867.58	0.40	433.79	1.19	1301.37	0.24	260.27	0.36	390.41	102164.32
5.30	23.47	79.55	112342.85	7.43	10499.33	0.00	0.00	0.19	262.48	4.09	5774.63	0.00	0.00	0.56	787.45	0.93	1312.42	0.00	0.00	0.09	131.24	131769.42
5.32	23.53	76.79	96794.09	6.18	7790.74	0.00	0.00	0.56	708.25	8.05	10151.58	0.19	236.08	0.75	944.33	0.94	1180.42	0.00	0.00	0.10	129.85	117624.09
5.34	23.59	77.81	105042.14	5.08	6860.86	0.00	0.00	0.00	0.00	6.31	8516.93	0.00	0.00	0.70	946.33	1.75	2365.81	0.00	0.00	0.10	130.12	125963.03
5.36	23.65	80.28	104106.78	4.36	5655.18	0.20	257.05	0.79	1028.22	5.35	6940.45	0.20	257.05	0.40	514.11	0.20	257.05	0.00	0.00	0.00	0.00	121008.50
5.38	23.71	71.75	69576.38	5.46	5293.86	0.00	0.00	0.39	378.13	6.63	6428.25	0.00	0.00	1.56	1512.53	0.97	945.33	0.00	0.00	0.14	132.35	90485.18
5.40	23.77	67.69	60439.77	8.51	7599.15	0.20	176.72	0.59	530.17	6.93	6185.36	0.20	176.72	1.58	1413.80	1.78	1590.52	0.15	132.54	0.00	0.00	83317.02
5.44	23.84	65.73	128570.22	10.00	19557.16	0.00	0.00	0.19	362.17	10.55	20643.67	0.00	0.00	1.48	2897.36	1.48	2897.36	0.24	470.82	0.12	235.41	102291.74
5.46	23.86	76.06	396720.12	5.31	27701.16	0.00	0.00	0.38	1978.65	7.40	38583.75	0.19	989.33	1.14	5935.96	0.95	4946.63	0.09	445.20	0.17	890.39	482102.78
5.48	23.88	72.10	446801.92	5.39	33426.58	0.00	0.00	0.18	1114.22	7.37	45682.99	0.00	0.00	2.52	15599.07	1.80	11142.19	0.07	445.69	0.07	445.69	572830.33
5.50	23.90	73.79	273695.42	9.54	35403.39	0.00	0.00	0.55	2042.50	4.41	16340.03	0.18	680.83	2.39	8850.85	1.28	4765.84	0.24	885.08	0.12	442.54	342849.06
5.52	23.91	68.92	323046.91	9.01	42251.37	0.00	0.00	0.38	1760.47	8.64	40490.89	0.00	0.00	2.63	12323.32	0.94	4401.18	0.09	440.12	0.19	880.24	433254.94
5.54	23.93	67.39	244354.90	9.93	36017.63	0.00	0.00	0.58	2118.68	7.01	25424.21	0.19	706.23	2.92	10593.42	2.34	8474.74	0.13	459.05	0.38	1377.14	335139.19
5.56	23.95	65.92	230212.05	11.12	38822.74	0.00	0.00	0.00	0.00	8.78	30649.53	0.78	2724.40	0.78	2724.40	2.34	8173.21	0.38	1328.15	0.00	0.00	322805.86
5.58	23.97	62.88	187845.95	12.85	38396.19	0.20	590.71	0.00	0.00	12.65	37805.47	0.00	0.00	2.97	8860.66	1.78	5316.39	0.00	0.00	0.15	443.03	276143.60
5.60	23.99	68.73	256327.57	8.23	30677.50	0.00	0.00	0.55	2045.17	7.86	29314.06	0.73	2726.89	1.10	4090.33	2.19	8180.67	0.24	886.24	0.00	0.00	344713.98
5.62	24.00	67.32	146407.51	8.07	17551.78	0.00	0.00	1.77	3852.83	7.09	15411.32	0.79	1712.37	2.17	4709.01	4.72	10274.21	0.00	0.00	0.20	428.09	201013.56
5.64	24.02	63.26	263417.10	13.11	54610.86	0.00	0.00	0.96	4015.50	8.87	36942.64	1.54	6424.81	1.74	7227.91	3.09	12849.61	0.00	0.00	0.32	1325.12	384895.89
5.66	24.04	67.35	185288.89	8.08	22234.67	0.00	0.00	1.15	3176.38	7.51	20646.48	0.96	2646.98	5.39	14823.11	4.04	11117.33	0.00	0.00	0.00	0.00	254282.60
5.68	24.06	65.20	207993.17	5.40	17226.43	0.00	0.00	1.00	3190.08	7.60	24244.60	1.00	3190.08	6.00	19140.48	5.80	18502.46	0.00	0.00	0.00	0.00	294866.79
5.70	24.08	66.83	226613.08	6.84	23176.34	0.00	0.00	2.09	7081.66	7.78	26395.27	0.57	1931.36	3.99	13519.53	5.32	18026.04	0.00	0.00	0.00	0.00	313422.38
5.72	24.09	63.95	217715.24	8.11	27606.54	0.00	0.00	0.74	2509.69	8.66	29488.81	1.47	5019.37	3.32	11293.59	7.19	24469.44	0.00	0.00	0.00	0.00	314675.93
5.74	24.11	64.79	226123.49	6.79	23695.58	0.00	0.00	1.36	4739.12	7.57	26403.64	1.94	6770.16	3.10	10832.26	7.76	27080.66	0.13	440.06	0.13	440.06	322591.02
5.76	24.13	66.58	406831.57	6.78	41446.65	0.00	0.00	0.71	4362.80	5.53	33811.74	2.86	17451.22	1.43	8725.61	11.42	69804.88	0.00	0.00	0.00	0.00	564772.16
5.78	24.15	58.92	235119.38	7.79	31083.58	0.00	0.00	0.60	2391.04	13.78	54994.02	3.79	15143.28	3.00	11955.22	8.19	32677.61	0.00	0.00	0.00	0.00	368865.80
5.82	24.25	66.97	106167.22	6.83	10827.25	0.19	300.76	0.00	0.00	6.83	10827.25	8.16	12932.55	0.95	1503.78	5.88	9323.47	0.00	0.00	0.00	0.00	396264.51
5.84	24.31	61.85	64015.78	4.64	4801.18	0.00	0.00	0.19	200.05	6.57	6801.68	9.08	9402.32	2.13	2200.54	8.31	8602.12	0.12	120.03	0.12	120.03	120756.44
5.86	24.38	62.79	59209.66	4.16	3922.41	0.00	0.00	0.00	0.00	11.29	10646.53	7.53	7097.69	1.78	1681.03	6.54	6163.78	0.00	0.00	0.00	0.00	110012.61
5.88	24.45	61.29	69193.63	10.03	11318.71	0.00	0.00	0.19	213.56	7.57	8542.42	7.76	8755.98	2.08	2349.17	4.73	5339.01	0.00	0.00	0.00	0.00	131702.82
5.90	24.51	60.43	6464.58	3.96	423.28	0.00	0.00	0.36	38.48	14.75	1577.67	5.40	577.19	2.88	307.84	1.08	115.44	0.00	0.00	0.36	38.48	12480.24
5.92	24.58	60.94	5609.28	6.77	623.25	0.00	0.00	0.52	47.94	15.10	1390.33	1.56	143.83	1.04	95.89	1.04	95.89	0.00	0.00	0.00	0.00	10739.13
5.94	24.65	60.75	2927.35	6.54	315.25	0.00	0.00	0.00	0.00	19.63	945.76	2.80	135.11	0.00	0.00	0.93	45.04	0.00	0.00	0.00	0.00	5622.02
5.96	24.72	66.07	78136.74	11.28	13334.71	0.00	0.00	0.20	233.94	9.30	10995.29	5.54	6550.39	1.78	2105.48	1.19	1403.65	0.10	116.97	0.00	0.00	137967.50
5.98	24.78	73.72	142304.83	8.33	16077.71	0.00	0.00	1.06	2052.47	7.09	13683.16	3.19	6157.42	1.42	2736.63	0.35	684.16	0.25	478.91	0.00	0.00	225207.66
6.02	24.92	83.05	129968.02	5.65	8841.36	0.00	0.00	0.00	0.00	3.77	5894.24	2.45	3831.26	0.94	1473.56	1.13	1768.27	0.15	235.77	0.08	117.88	182574.12
6.06	25.08	71.06	43725.70	6.41	3941.47	0.00	0.00	0.00	0.00	11.21	6897.57	3.20	1970.74	0.80	492.68	0.40	246.34	0.16	98.54	0.00	0.00	86340.22
6.08	25.17	78.31	58777.41	6.85	5141.29	0.19	138.95	0.19	138.95	5.55	4168.61	1.48	1111.63	2.59	1945.35	1.11	833.72	0.00	0.00	0.00	0.00	206085.12
6.10	25.26	77.55	72965.33	6.73	6328.63	0.00	0.00	0.20	186.14	5.93	5584.08	2.57	2419.77	0.40	372.27	1.19	1116.82	0.00	0.00	0.00	0.00	258353.19
6.12	25.34	70.42	28661.21	6.68	2718.54	0.00	0.00	0.95	388.36	9.35	3805.96	3.63	1475.78	0.76	310.69	0.76	310.69	0.57	233.02	0.00	0.00	111753.63
6.14	25.43	65.43	25918.48	6.64	2630.53	0.00	0.00	0.39	154.74	12.70	5028.96	2.15	851.05	2.15	851.05	0.98	386.84	0.00	0.00	0.00	0.00	108766.94
6.18	25.50	69.41	97051.28	7.20	10068.72	0.20	279.69	1.00	1398.43	10.60	14823.39	1.80	2517.18	1.00	1398.43	2.40	3356.24	0.17	237.73	0.00	0.00	146663.16
