Latitude	Longitude	Depth LAB [km]
-6.00	26.00	50.0265
-6.00	26.75	68.6460
-6.00	27.50	87.8796
-6.00	28.25	108.1720
-6.00	29.00	129.6760
-6.00	29.75	151.6670
-6.00	30.50	172.0010
-6.00	31.25	187.9390
-6.00	32.00	201.1320
-6.00	32.75	213.5160
-6.00	33.50	225.8350
-6.00	34.25	237.4470
-6.00	35.00	250.6560
-6.00	35.75	271.2170
-6.00	36.50	305.6820
-6.00	37.25	354.6990
-6.00	38.00	407.7410
-6.75	26.00	62.5594
-6.75	26.75	77.4373
-6.75	27.50	92.8291
-6.75	28.25	109.4320
-6.75	29.00	128.1000
-6.75	29.75	149.1290
-6.75	30.50	170.0130
-6.75	31.25	181.5460
-6.75	32.00	189.5710
-6.75	32.75	198.2580
-6.75	33.50	208.9450
-6.75	34.25	216.3110
-6.75	35.00	221.5160
-6.75	35.75	230.6020
-6.75	36.50	257.0940
-6.75	37.25	308.9080
-6.75	38.00	360.0150
-7.50	26.00	75.2860
-7.50	26.75	86.4511
-7.50	27.50	97.8813
-7.50	28.25	110.3450
-7.50	29.00	125.3980
-7.50	29.75	145.3990
-7.50	30.50	170.7860
-7.50	31.25	175.7730
-7.50	32.00	177.1310
-7.50	32.75	181.6210
-7.50	33.50	193.1900
-7.50	34.25	197.2010
-7.50	35.00	195.4390
-7.50	35.75	189.4320
-7.50	36.50	203.3150
-7.50	37.25	264.5910
-7.50	38.00	308.2570
-8.25	26.00	88.7117
-8.25	26.75	96.4862
-8.25	27.50	104.1400
-8.25	28.25	112.1510
-8.25	29.00	122.0520
-8.25	29.75	138.0850
-8.25	30.50	174.3060
-8.25	31.25	171.6650
-8.25	32.00	163.7660
-8.25	32.75	162.8580
-8.25	33.50	176.4570
-8.25	34.25	176.9490
-8.25	35.00	177.3080
-8.25	35.75	154.7720
-8.25	36.50	150.4900
-8.25	37.25	220.8000
-8.25	38.00	238.8190
-9.00	26.00	103.3460
-9.00	26.75	108.5040
-9.00	27.50	113.3380
-9.00	28.25	118.0080
-9.00	29.00	123.4380
-9.00	29.75	132.5840
-9.00	30.50	152.8800
-9.00	31.25	183.3100
-9.00	32.00	149.4800
-9.00	32.75	155.1000
-9.00	33.50	142.8300
-9.00	34.25	134.1300
-9.00	35.00	170.4400
-9.00	35.75	138.5400
-9.00	36.50	187.0000
-9.00	37.25	129.5300
-9.00	38.00	136.8430
-9.75	26.00	119.3500
-9.75	26.75	122.8270
-9.75	27.50	126.1700
-9.75	28.25	129.4250
-9.75	29.00	132.4250
-9.75	29.75	134.1790
-9.75	30.50	134.7900
-9.75	31.25	167.6900
-9.75	32.00	152.7300
-9.75	32.75	130.6000
-9.75	33.50	139.3400
-9.75	34.25	106.2300
-9.75	35.00	150.7900
-9.75	35.75	211.5600
-9.75	36.50	209.0000
-9.75	37.25	146.9300
-9.75	38.00	121.9310
-10.50	26.00	136.4130
-10.50	26.75	138.7680
-10.50	27.50	141.6240
-10.50	28.25	145.8040
-10.50	29.00	152.5450
-10.50	29.75	163.1200
-10.50	30.50	175.2800
-10.50	31.25	157.5900
-10.50	32.00	178.2800
-10.50	32.75	143.6300
-10.50	33.50	143.6200
-10.50	34.25	134.3700
-10.50	35.00	137.1200
-10.50	35.75	140.2400
-10.50	36.50	150.9100
-10.50	37.25	154.1300
-10.50	38.00	140.9100
-11.25	26.00	153.9110
-11.25	26.75	154.7810
-11.25	27.50	156.4190
-11.25	28.25	159.8130
-11.25	29.00	166.2070
-11.25	29.75	176.2900
-11.25	30.50	185.4700
-11.25	31.25	158.0900
-11.25	32.00	140.2400
-11.25	32.75	141.2600
-11.25	33.50	165.6900
-11.25	34.25	138.5900
-11.25	35.00	179.7300
-11.25	35.75	189.1200
-11.25	36.50	135.8900
-11.25	37.25	167.5800
-11.25	38.00	154.6490
-12.00	26.00	171.3080
-12.00	26.75	169.8820
-12.00	27.50	168.9450
-12.00	28.25	168.9170
-12.00	29.00	169.8210
-12.00	29.75	170.1980
-12.00	30.50	166.2000
-12.00	31.25	179.4400
-12.00	32.00	179.1700
-12.00	32.75	169.1900
-12.00	33.50	141.8400
-12.00	34.25	134.1600
-12.00	35.00	174.4700
-12.00	35.75	169.2300
-12.00	36.50	184.8300
-12.00	37.25	140.6500
-12.00	38.00	133.9120
-12.75	26.00	188.3310
-12.75	26.75	184.0660
-12.75	27.50	179.9760
-12.75	28.25	176.1940
-12.75	29.00	173.2510
-12.75	29.75	174.3830
-12.75	30.50	189.1400
-12.75	31.25	188.8500
-12.75	32.00	190.1700
-12.75	32.75	170.8400
-12.75	33.50	147.2800
-12.75	34.25	139.8000
-12.75	35.00	173.2300
-12.75	35.75	177.3400
-12.75	36.50	194.5700
-12.75	37.25	149.0800
-12.75	38.00	150.5160
-13.50	26.00	204.8380
-13.50	26.75	197.5270
-13.50	27.50	190.2210
-13.50	28.25	182.2750
-13.50	29.00	171.1170
-13.50	29.75	149.9930
-13.50	30.50	111.9000
-13.50	31.25	151.8600
-13.50	32.00	162.1800
-13.50	32.75	156.9700
-13.50	33.50	123.2400
-13.50	34.25	146.7700
-13.50	35.00	144.8000
-13.50	35.75	131.6100
-13.50	36.50	148.5200
-13.50	37.25	223.6700
-13.50	38.00	205.3520
-14.25	26.00	220.6320
-14.25	26.75	210.2290
-14.25	27.50	200.6860
-14.25	28.25	192.9860
-14.25	29.00	189.0200
-14.25	29.75	193.5790
-14.25	30.50	210.7300
-14.25	31.25	147.3500
-14.25	32.00	174.5400
-14.25	32.75	181.4800
-14.25	33.50	193.9800
-14.25	34.25	184.9600
-14.25	35.00	128.8700
-14.25	35.75	139.1400
-14.25	36.50	149.9700
-14.25	37.25	137.9800
-14.25	38.00	149.6040
-15.00	26.00	235.3400
-15.00	26.75	220.7250
-15.00	27.50	207.3840
-15.00	28.25	196.3180
-15.00	29.00	187.7320
-15.00	29.75	179.3620
-15.00	30.50	164.8900
-15.00	31.25	167.7500
-15.00	32.00	177.9000
-15.00	32.75	174.4800
-15.00	33.50	168.5700
-15.00	34.25	183.1600
-15.00	35.00	154.1000
-15.00	35.75	120.1500
-15.00	36.50	134.0900
-15.00	37.25	120.0200
-15.00	38.00	120.7870
-15.75	26.00	248.7390
-15.75	26.75	228.2820
-15.75	27.50	209.4400
-15.75	28.25	193.7210
-15.75	29.00	182.3210
-15.75	29.75	175.2600
-15.75	30.50	170.9400
-15.75	31.25	179.9200
-15.75	32.00	196.1400
-15.75	32.75	144.0500
-15.75	33.50	151.4800
-15.75	34.25	132.5300
-15.75	35.00	119.5200
-15.75	35.75	115.4000
-15.75	36.50	154.2000
-15.75	37.25	122.7000
-15.75	38.00	127.5920
-16.50	26.00	260.8450
-16.50	26.75	232.5170
-16.50	27.50	205.8250
-16.50	28.25	182.8540
-16.50	29.00	167.0210
-16.50	29.75	164.3630
-16.50	30.50	181.3600
-16.50	31.25	182.9500
-16.50	32.00	162.0700
-16.50	32.75	128.9500
-16.50	33.50	143.9800
-16.50	34.25	119.2300
-16.50	35.00	139.1000
-16.50	35.75	172.6200
-16.50	36.50	137.1400
-16.50	37.25	173.6600
-16.50	38.00	178.9950
-17.25	26.00	271.9470
-17.25	26.75	233.6880
-17.25	27.50	196.1890
-17.25	28.25	160.5040
-17.25	29.00	128.2230
-17.25	29.75	101.4600
-17.25	30.50	82.3100
-17.25	31.25	86.0500
-17.25	32.00	134.0300
-17.25	32.75	161.8900
-17.25	33.50	178.5900
-17.25	34.25	142.7200
-17.25	35.00	162.2900
-17.25	35.75	166.7200
-17.25	36.50	159.1000
-17.25	37.25	183.0800
-17.25	38.00	203.8240
-18.00	26.00	282.5370
-18.00	26.75	233.2800
-18.00	27.50	183.6980
-18.00	28.25	133.8490
-18.00	29.00	84.8162
-18.00	29.75	40.7870
-18.00	30.50	13.9772
-18.00	31.25	31.3173
-18.00	32.00	100.8420
-18.00	32.75	162.1480
-18.00	33.50	188.9260
-18.00	34.25	173.5040
-18.00	35.00	177.4890
-18.00	35.75	175.8390
-18.00	36.50	178.5070
-18.00	37.25	198.1380
-18.00	38.00	223.2110
