Latitude	Longitude	Depth Moho [km]
-6.00	26.00	32.1223
-6.00	26.75	33.3084
-6.00	27.50	34.4623
-6.00	28.25	35.5410
-6.00	29.00	36.4944
-6.00	29.75	37.2964
-6.00	30.50	38.0042
-6.00	31.25	38.8047
-6.00	32.00	39.7541
-6.00	32.75	40.1882
-6.00	33.50	39.8991
-6.00	34.25	39.3233
-6.00	35.00	38.6625
-6.00	35.75	38.1986
-6.00	36.50	38.7646
-6.00	37.25	41.5411
-6.00	38.00	45.0111
-6.75	26.00	31.3000
-6.75	26.75	32.5878
-6.75	27.50	33.8493
-6.75	28.25	35.0408
-6.75	29.00	36.0977
-6.75	29.75	36.9457
-6.75	30.50	37.5813
-6.75	31.25	38.4440
-6.75	32.00	40.2186
-6.75	32.75	41.0303
-6.75	33.50	40.4500
-6.75	34.25	39.8878
-6.75	35.00	39.1895
-6.75	35.75	38.0682
-6.75	36.50	37.4622
-6.75	37.25	42.4933
-6.75	38.00	48.0076
-7.50	26.00	30.4804
-7.50	26.75	31.8663
-7.50	27.50	33.2312
-7.50	28.25	34.5360
-7.50	29.00	35.7159
-7.50	29.75	36.6476
-7.50	30.50	37.0897
-7.50	31.25	37.6800
-7.50	32.00	40.9027
-7.50	32.75	42.2187
-7.50	33.50	40.8134
-7.50	34.25	40.4627
-7.50	35.00	40.0602
-7.50	35.75	38.2778
-7.50	36.50	34.0816
-7.50	37.25	43.2430
-7.50	38.00	50.3096
-8.25	26.00	29.6715
-8.25	26.75	31.1462
-8.25	27.50	32.5967
-8.25	28.25	33.9816
-8.25	29.00	35.2481
-8.25	29.75	36.3257
-8.25	30.50	36.6383
-8.25	31.25	36.7536
-8.25	32.00	41.5714
-8.25	32.75	43.5810
-8.25	33.50	40.9021
-8.25	34.25	40.9198
-8.25	35.00	41.0660
-8.25	35.75	39.8121
-8.25	36.50	28.2300
-8.25	37.25	43.6500
-8.25	38.00	49.2703
-9.00	26.00	28.8911
-9.00	26.75	30.4510
-9.00	27.50	31.9755
-9.00	28.25	33.3866
-9.00	29.00	34.5090
-9.00	29.75	35.0181
-9.00	30.50	35.0200
-9.00	31.25	42.2300
-9.00	32.00	38.1800
-9.00	32.75	41.6300
-9.00	33.50	44.3000
-9.00	34.25	41.1600
-9.00	35.00	39.8300
-9.00	35.75	36.8200
-9.00	36.50	38.8900
-9.00	37.25	36.2800
-9.00	38.00	40.4334
-9.75	26.00	28.1660
-9.75	26.75	29.8251
-9.75	27.50	31.4795
-9.75	28.25	33.1236
-9.75	29.00	34.7832
-9.75	29.75	36.6025
-9.75	30.50	38.7100
-9.75	31.25	37.0200
-9.75	32.00	38.3500
-9.75	32.75	38.5800
-9.75	33.50	39.3300
-9.75	34.25	38.6100
-9.75	35.00	37.3600
-9.75	35.75	39.7900
-9.75	36.50	44.4400
-9.75	37.25	41.7500
-9.75	38.00	38.9000
-10.50	26.00	27.5232
-10.50	26.75	29.2615
-10.50	27.50	31.0047
-10.50	28.25	32.7586
-10.50	29.00	34.5275
-10.50	29.75	36.2729
-10.50	30.50	37.8700
-10.50	31.25	40.7600
-10.50	32.00	38.9400
-10.50	32.75	43.7100
-10.50	33.50	40.6600
-10.50	34.25	40.8300
-10.50	35.00	38.3700
-10.50	35.75	37.1400
-10.50	36.50	43.8600
-10.50	37.25	37.2300
-10.50	38.00	35.1719
-11.25	26.00	26.9992
-11.25	26.75	28.7878
-11.25	27.50	30.5686
-11.25	28.25	32.3429
-11.25	29.00	34.1239
-11.25	29.75	35.9022
-11.25	30.50	37.3600
-11.25	31.25	36.3200
-11.25	32.00	34.7600
-11.25	32.75	38.0600
-11.25	33.50	40.5600
-11.25	34.25	43.2400
-11.25	35.00	42.3800
-11.25	35.75	41.1900
-11.25	36.50	38.0200
-11.25	37.25	37.8400
-11.25	38.00	35.6612
-12.00	26.00	26.6395
-12.00	26.75	28.4676
-12.00	27.50	30.2574
-12.00	28.25	31.9811
-12.00	29.00	33.6310
-12.00	29.75	35.2678
-12.00	30.50	37.0200
-12.00	31.25	37.6100
-12.00	32.00	36.6600
-12.00	32.75	39.5200
-12.00	33.50	38.6100
-12.00	34.25	41.1200
-12.00	35.00	41.8200
-12.00	35.75	44.3900
-12.00	36.50	38.3600
-12.00	37.25	38.2500
-12.00	38.00	35.8108
-12.75	26.00	26.4885
-12.75	26.75	28.3843
-12.75	27.50	30.2203
-12.75	28.25	31.9406
-12.75	29.00	33.4761
-12.75	29.75	34.7901
-12.75	30.50	36.5200
-12.75	31.25	45.1400
-12.75	32.00	38.5000
-12.75	32.75	41.3800
-12.75	33.50	42.2200
-12.75	34.25	42.6500
-12.75	35.00	42.4300
-12.75	35.75	40.3000
-12.75	36.50	44.4400
-12.75	37.25	38.1300
-12.75	38.00	34.7821
-13.50	26.00	26.5701
-13.50	26.75	28.5867
-13.50	27.50	30.5577
-13.50	28.25	32.4765
-13.50	29.00	34.4123
-13.50	29.75	36.5662
-13.50	30.50	39.1300
-13.50	31.25	40.0200
-13.50	32.00	43.2800
-13.50	32.75	39.2200
-13.50	33.50	40.7300
-13.50	34.25	41.9100
-13.50	35.00	41.3500
-13.50	35.75	37.8000
-13.50	36.50	40.8000
-13.50	37.25	37.2800
-13.50	38.00	35.0988
-14.25	26.00	26.8763
-14.25	26.75	29.0417
-14.25	27.50	31.1474
-14.25	28.25	33.1805
-14.25	29.00	35.2207
-14.25	29.75	37.4698
-14.25	30.50	40.0300
-14.25	31.25	41.4800
-14.25	32.00	41.2400
-14.25	32.75	42.4300
-14.25	33.50	41.9100
-14.25	34.25	42.9000
-14.25	35.00	40.5900
-14.25	35.75	38.3200
-14.25	36.50	39.5300
-14.25	37.25	38.8900
-14.25	38.00	37.5104
-15.00	26.00	27.3814
-15.00	26.75	29.7283
-15.00	27.50	31.9480
-15.00	28.25	33.9299
-15.00	29.00	35.5873
-15.00	29.75	36.8351
-15.00	30.50	37.3900
-15.00	31.25	37.1600
-15.00	32.00	40.0500
-15.00	32.75	40.5800
-15.00	33.50	40.1300
-15.00	34.25	40.8000
-15.00	35.00	42.2600
-15.00	35.75	44.5100
-15.00	36.50	39.0600
-15.00	37.25	39.6600
-15.00	38.00	39.3589
-15.75	26.00	28.0510
-15.75	26.75	30.6768
-15.75	27.50	33.1033
-15.75	28.25	35.1152
-15.75	29.00	36.5149
-15.75	29.75	37.3295
-15.75	30.50	38.1300
-15.75	31.25	37.1100
-15.75	32.00	41.2800
-15.75	32.75	37.7000
-15.75	33.50	39.4800
-15.75	34.25	43.6200
-15.75	35.00	42.7200
-15.75	35.75	41.6800
-15.75	36.50	39.0300
-15.75	37.25	39.9700
-15.75	38.00	40.0198
-16.50	26.00	28.8335
-16.50	26.75	31.9018
-16.50	27.50	34.7389
-16.50	28.25	37.0297
-16.50	29.00	38.3140
-16.50	29.75	38.0636
-16.50	30.50	36.9300
-16.50	31.25	47.3100
-16.50	32.00	45.3800
-16.50	32.75	39.6200
-16.50	33.50	39.3550
-16.50	34.25	44.6300
-16.50	35.00	41.8800
-16.50	35.75	41.8900
-16.50	36.50	36.0000
-16.50	37.25	37.0800
-16.50	38.00	39.2150
-17.25	26.00	29.6564
-17.25	26.75	33.3414
-17.25	27.50	36.8533
-17.25	28.25	39.9437
-17.25	29.00	42.2957
-17.25	29.75	43.6216
-17.25	30.50	43.4300
-17.25	31.25	34.9600
-17.25	32.00	38.3200
-17.25	32.75	38.2500
-17.25	33.50	42.2700
-17.25	34.25	43.6800
-17.25	35.00	43.3200
-17.25	35.75	45.3400
-17.25	36.50	38.8900
-17.25	37.25	40.9000
-17.25	38.00	41.9156
-18.00	26.00	30.4498
-18.00	26.75	34.8221
-18.00	27.50	39.0518
-18.00	28.25	42.8559
-18.00	29.00	45.6710
-18.00	29.75	46.3715
-18.00	30.50	42.8375
-18.00	31.25	33.1234
-18.00	32.00	33.6688
-18.00	32.75	36.7466
-18.00	33.50	41.7374
-18.00	34.25	43.9345
-18.00	35.00	45.1586
-18.00	35.75	46.4159
-18.00	36.50	43.2216
-18.00	37.25	43.8759
-18.00	38.00	44.5732
