Event	IGSN	Sample label	Samp type	Latitude	Longitude	Mineral	Position	SiO2 [%]	TiO2 [%]	Al2O3 [%]	FeO [%]	MnO [%]	MgO [%]	CaO [%]	Na2O [%]	K2O [%]	Cr2O3 [%]	NiO [%]	Total [%]	δ18O [‰]	δ18O std dev [±]	Si [# of ions]	Ti [# of ions]	Al [# of ions]	Cr [# of ions]	Fe2+ [# of ions]	Fe3+ [# of ions]	Mn2+ [# of ions]	Mg [# of ions]	Ca [# of ions]	Na [# of ions]	K [# of ions]	Ni [# of ions]	Cat [#]	Mg#	En [%]	Fs [%]	Wo [%]	An [%]	Ab [%]	Or [%]
Pukeonake	hdl:10273/IELEG0001	NZ3	Pukeonake	-39.144991	175.565564	CPX 1	core	52.12	0.69	2.03	10.47	0.26	15.43	18.43	0.37	#0.00	0.16	#0.00	99.96	6.45	0.01	1.94	0.02	0.09	0.00	0.33	0.00	0.01	0.86	0.74	0.03	0.00	0.00	4.01	72.00	44.00	17	38			
Pukeonake	hdl:10273/IELEG0001	NZ3	Pukeonake	-39.144991	175.565564	CPX 1	core	52.59	0.50	2.10	10.22	0.21	15.32	18.19	0.43	#0.00	0.19	#0.00	99.74			1.96	0.01	0.09	0.01	0.32	0.00	0.01	0.85	0.72	0.03	0.00	0.00	4.00	72.00	45.00	17	38			
Pukeonake	hdl:10273/IELEG0001	NZ3	Pukeonake	-39.144991	175.565564	CPX 1	core	52.38	0.64	2.18	10.35	0.27	15.22	18.30	0.33	#0.00	0.19	#0.00	99.86			1.95	0.02	0.10	0.01	0.32	0.00	0.01	0.84	0.73	0.02	0.00	0.00	4.00	72.00	44.00	17	38			
Pukeonake	hdl:10273/IELEG0001	NZ3	Pukeonake	-39.144991	175.565564	CPX 2	core	52.56	0.62	2.15	10.56	0.21	15.10	18.39	0.43	#0.00	0.17	#0.00	100.18			1.95	0.02	0.09	0.00	0.33	0.00	0.01	0.84	0.73	0.03	0.00	0.00	4.00	71.00	44.00	18	38			
Pukeonake	hdl:10273/IELEG0001	NZ3	Pukeonake	-39.144991	175.565564	CPX 2	core	52.22	0.70	2.35	10.61	0.29	15.12	18.01	0.37	#0.00	0.12	#0.00	99.79			1.94	0.02	0.10	0.00	0.33	0.00	0.01	0.84	0.72	0.03	0.00	0.00	4.00	71.00	44.00	18	38			
Pukeonake	hdl:10273/IELEG0001	NZ3	Pukeonake	-39.144991	175.565564	CPX 2	core	52.37	0.71	2.26	10.55	0.25	15.12	17.93	0.41	#0.00	0.14	#0.00	99.73			1.95	0.02	0.10	0.00	0.33	0.00	0.01	0.84	0.72	0.03	0.00	0.00	3.99	71.00	44.00	18	38			
Pukeonake	hdl:10273/IELEG0001	NZ3	Pukeonake	-39.144991	175.565564	CPX 3	core	52.38	0.55	2.20	9.82	0.23	15.74	18.22	0.40	#0.00	0.27	#0.00	99.81			1.95	0.02	0.10	0.01	0.30	0.00	0.01	0.87	0.72	0.03	0.00	0.00	4.00	74.00	46.00	16	38			
Pukeonake	hdl:10273/IELEG0001	NZ3	Pukeonake	-39.144991	175.565564	CPX 3	core	52.45	0.60	2.38	9.75	0.29	15.48	18.09	0.41	#0.00	0.23	#0.00	99.66			1.95	0.02	0.10	0.01	0.30	0.00	0.01	0.86	0.72	0.03	0.00	0.00	3.99	73.00	45.00	17	38			
Pukeonake	hdl:10273/IELEG0001	NZ3	Pukeonake	-39.144991	175.565564	CPX 4	core	52.34	0.61	2.42	9.85	0.21	15.48	18.10	0.40	#0.00	0.20	#0.00	99.61			1.95	0.02	0.11	0.01	0.31	0.00	0.01	0.86	0.72	0.03	0.00	0.00	4.00	73.00	45.00	17	38			
Pukeonake	hdl:10273/IELEG0001	NZ3	Pukeonake	-39.144991	175.565564	CPX 4	core	52.42	0.51	2.31	9.74	0.24	15.40	18.04	0.37	#0.00	0.24	#0.00	99.28			1.95	0.01	0.10	0.01	0.30	0.00	0.01	0.86	0.72	0.03	0.00	0.00	3.99	73.00	45.00	16	38			
Pukeonake	hdl:10273/IELEG0001	NZ3	Pukeonake	-39.144991	175.565564	CPX 4	core	52.58	0.59	2.37	10.39	0.25	15.46	18.10	0.42	#0.00	0.22	#0.00	100.38			1.94	0.02	0.10	0.01	0.32	0.00	0.01	0.85	0.72	0.03	0.00	0.00	4.00	72.00	45.00	17	38			
Pukeonake	hdl:10273/IELEG0001	NZ3	Pukeonake	-39.144991	175.565564	CPX 5	core	52.77	0.47	1.76	9.41	0.25	16.04	18.86	0.34	#0.00	0.15	#0.00	100.04			1.95	0.01	0.08	0.00	0.29	0.00	0.01	0.89	0.75	0.02	0.00	0.00	4.00	75.00	46.00	15	39			
Pukeonake	hdl:10273/IELEG0001	NZ3	Pukeonake	-39.144991	175.565564	CPX 5	core	52.74	0.48	2.02	9.73	0.18	16.15	18.43	0.39	#0.00	0.12	#0.00	100.24			1.95	0.01	0.09	0.00	0.30	0.00	0.01	0.89	0.73	0.03	0.00	0.00	4.01	74.00	46.00	16	38			
Pukeonake	hdl:10273/IELEG0001	NZ3	Pukeonake	-39.144991	175.565564	CPX 5	core	52.62	0.61	2.18	9.60	0.14	15.73	18.66	0.40	#0.00	0.19	#0.00	100.12			1.95	0.02	0.10	0.01	0.30	0.00	0.00	0.87	0.74	0.03	0.00	0.00	4.00	74.00	45.00	16	39			
Pukeonake	hdl:10273/IELEG0001	NZ3	Pukeonake	-39.144991	175.565564	CPX 5	core	52.94	0.49	1.66	9.30	0.27	16.38	18.85	0.30	#0.00	0.20	#0.00	100.38			1.95	0.01	0.07	0.01	0.29	0.00	0.01	0.90	0.74	0.02	0.00	0.00	4.01	75.00	46.00	15	38			
Pukeonake	hdl:10273/IELEG0001	NZ3	Pukeonake	-39.144991	175.565564	CPX 5	core	52.56	0.66	2.24	9.71	0.24	15.88	18.47	0.35	#0.00	0.19	#0.00	100.30			1.94	0.02	0.10	0.01	0.30	0.00	0.01	0.87	0.73	0.02	0.00	0.00	4.00	74.00	46.00	16	38			
Pukeonake	hdl:10273/IELEG0001	NZ3	Pukeonake	-39.144991	175.565564	CPX 5	core	52.31	0.68	2.23	9.62	0.25	15.57	18.46	0.40	#0.00	0.21	#0.00	99.73			1.94	0.02	0.10	0.01	0.30	0.00	0.01	0.86	0.73	0.03	0.00	0.00	4.00	74.00	45.00	16	39			
Pukeonake	hdl:10273/IELEG0001	NZ3	Pukeonake	-39.144991	175.565564	CPX 6	core	52.28	0.55	2.08	10.20	0.29	15.41	18.33	0.42	#0.00	0.21	#0.00	99.77			1.95	0.02	0.09	0.01	0.32	0.00	0.01	0.86	0.73	0.03	0.00	0.00	4.00	72.00	45.00	17	38			
Pukeonake	hdl:10273/IELEG0001	NZ3	Pukeonake	-39.144991	175.565564	CPX 6	core	52.65	0.62	2.02	10.21	0.18	15.23	18.46	0.43	#0.00	0.20	#0.00	100.01			1.95	0.02	0.09	0.01	0.32	0.00	0.01	0.84	0.73	0.03	0.00	0.00	4.00	72.00	44.00	17	39			
Pukeonake	hdl:10273/IELEG0001	NZ3	Pukeonake	-39.144991	175.565564	CPX 6	core	52.25	0.64	2.02	10.51	0.25	15.13	18.40	0.39	#0.00	0.19	#0.00	99.79			1.95	0.02	0.09	0.01	0.33	0.00	0.01	0.84	0.74	0.03	0.00	0.00	4.00	71.00	44.00	18	38			
Pukeonake	hdl:10273/IELEG0004	NZ9	Pukeonake	-39.145109	175.565720	CPX 1	core	52.46	0.63	2.43	10.07	0.24	15.75	18.51	0.44	#0.00	0.25		100.77			1.93	0.02	0.11	0.01	0.31	0.00	0.01	0.87	0.73	0.03	0.00		4.01	73.00	45.00	17	38			
Pukeonake	hdl:10273/IELEG0004	NZ9	Pukeonake	-39.145109	175.565720	CPX 1	rim1	52.49	0.68	2.13	10.87	0.29	15.66	17.89	0.40	#0.00	0.09		100.50			1.94	0.02	0.09	0.00	0.34	0.00	0.01	0.86	0.71	0.03	0.00		4.00	71.00	45.00	18	37			
Pukeonake	hdl:10273/IELEG0004	NZ9	Pukeonake	-39.145109	175.565720	CPX 1	rim2	53.07	0.54	2.85	6.63	0.17	17.32	19.96	0.24	0.01	0.40		101.18			1.92	0.01	0.12	0.01	0.20	0.00	0.01	0.94	0.77	0.02	0.00		4.00	82.00	49.00	11	40			
Pukeonake	hdl:10273/IELEG0004	NZ9	Pukeonake	-39.145109	175.565720	CPX 2	core	53.65	0.37	1.58	6.76	0.16	17.35	19.78	0.34	0.01	0.23		100.22			1.96	0.01	0.07	0.01	0.21	0.00	0.01	0.95	0.77	0.02	0.00		4.00	82.00	49.00	11	40			
Pukeonake	hdl:10273/IELEG0004	NZ9	Pukeonake	-39.145109	175.565720	CPX 2	rim	51.85	0.64	3.00	10.54	0.22	15.79	17.20	0.48	#0.00	0.21		99.92			1.92	0.02	0.13	0.01	0.33	0.00	0.01	0.87	0.68	0.03	0.00		4.01	72.00	46.00	18	36			
Pukeonake	hdl:10273/IELEG0004	NZ9	Pukeonake	-39.145109	175.565720	CPX 3	core	52.93	0.31	2.02	9.13	0.22	16.58	18.18	0.37	#0.00	0.30		100.03			1.95	0.01	0.09	0.01	0.28	0.00	0.01	0.91	0.72	0.03	0.00		4.00	76.00	48.00	15	37			
Pukeonake	hdl:10273/IELEG0004	NZ9	Pukeonake	-39.145109	175.565720	CPX 4	core	52.36	0.62	1.97	10.00	0.17	15.89	17.94	0.38	#0.00	0.08		99.43			1.95	0.02	0.09	0.00	0.31	0.00	0.01	0.88	0.72	0.03	0.00		4.00	74.00	46.00	17	37			
Pukeonake	hdl:10273/IELEG0004	NZ9	Pukeonake	-39.145109	175.565720	CPX 4	core	51.72	0.56	1.95	10.14	0.22	15.97	18.01	0.40	#0.00	0.10		99.07			1.94	0.02	0.09	0.00	0.32	0.00	0.01	0.89	0.72	0.03	0.00		4.01	73.00	46.00	17	37			
Pukeonake	hdl:10273/IELEG0004	NZ9	Pukeonake	-39.145109	175.565720	CPX 4	rim	51.87	0.24	3.74	5.53	0.13	17.07	19.06	0.43	#0.00	0.93		98.98			1.91	0.01	0.16	0.03	0.17	0.00	0.00	0.94	0.75	0.03	0.00		4.00	84.00	50.00	9	40			
Pukeonake	hdl:10273/IELEG0004	NZ9	Pukeonake	-39.145109	175.565720	CPX 5	rim	52.76	0.44	2.54	6.25	0.20	17.26	19.87	0.31	#0.00	0.61		100.23			1.93	0.01	0.11	0.02	0.19	0.00	0.01	0.94	0.78	0.02	0.00		4.01	83.00	49.00	10	41			
Pukeonake	hdl:10273/IELEG0004	NZ9	Pukeonake	-39.145109	175.565720	CPX 6	core	51.96	0.70	2.35	10.69	0.31	15.18	18.20	0.45	0.01	0.14		99.99			1.94	0.02	0.10	0.00	0.33	0.00	0.01	0.84	0.73	0.03	0.00		4.01	71.00	44.00	18	38			
Pukeonake	hdl:10273/IELEG0004	NZ9	Pukeonake	-39.145109	175.565720	CPX 6	rim	52.47	0.36	4.12	5.80	0.16	17.43	18.88	0.51	#0.00	0.63		100.36			1.91	0.01	0.18	0.02	0.18	0.00	0.00	0.94	0.73	0.04	0.00		4.01	84.00	51.00	10	40			
Pukeonake	hdl:10273/IELEG0004	NZ9	Pukeonake	-39.145109	175.565720	CPX 7	core	51.54	0.62	2.51	9.99	0.27	15.72	17.65	0.40	0.02	0.25		98.95			1.93	0.02	0.11	0.01	0.31	0.00	0.01	0.88	0.71	0.03	0.00		4.01	73.00	46.00	17	37			
Pukeonake	hdl:10273/IELEG0004	NZ9	Pukeonake	-39.145109	175.565720	CPX 8	core	52.60	0.40	2.16	9.67	0.24	15.79	18.44	0.43	#0.00	0.10		99.83			1.95	0.01	0.09	0.00	0.30	0.00	0.01	0.87	0.73	0.03	0.00		4.00	74.00	46.00	16	38			
Pukeonake	hdl:10273/IELEG0004	NZ9	Pukeonake	-39.145109	175.565720	CPX 8	rim	52.94	0.43	2.43	6.35	0.15	17.42	19.61	0.27	0.02	0.56		100.17			1.93	0.01	0.10	0.02	0.19	0.00	0.00	0.95	0.77	0.02	0.00		4.00	83.00	50.00	10	40			
Pukeonake	hdl:10273/IELEG0004	NZ9	Pukeonake	-39.145109	175.565720	CPX 9	core	51.47	0.62	2.49	10.22	0.27	15.72	17.70	0.43	#0.00	0.16		99.08			1.93	0.02	0.11	0.00	0.32	0.00	0.01	0.88	0.71	0.03	0.00		4.01	73.00	46.00	17	37			
Pukeonake	hdl:10273/IELEG0004	NZ9	Pukeonake	-39.145109	175.565720	CPX 9	rim	52.00	0.50	2.64	6.98	0.17	17.54	18.57	0.25	0.01	0.30		98.96			1.93	0.01	0.12	0.01	0.22	0.00	0.01	0.97	0.74	0.02	0.00		4.01	81.00	50.00	12	38			
Pukeonake	hdl:10273/IELEG0004	NZ9	Pukeonake	-39.145109	175.565720	CPX 10	core	51.33	0.69	2.59	10.46	0.26	15.68	17.81	0.45	#0.00	0.17		99.44			1.92	0.02	0.11	0.00	0.33	0.00	0.01	0.87	0.71	0.03	0.00		4.02	72.00	45.00	17	37			
Pukeonake	hdl:10273/IELEG0004	NZ9	Pukeonake	-39.145109	175.565720	CPX 11	core	51.17	0.69	2.67	11.26	0.29	15.54	16.98	0.47	0.01	0.13		99.18			1.92	0.02	0.12	0.00	0.35	0.00	0.01	0.87	0.68	0.03	0.00		4.01	71.00	45.00	19	36			
Pukeonake	hdl:10273/IELEG0005	NZ11	Pukeonake	-39.144782	175.566633	CPX 1	core	51.95	0.64	2.16	9.94	0.22	15.63	18.42	0.40	#0.00	0.18		99.56	6.27		1.94	0.02	0.10	0.01	0.31	0.00	0.01	0.87	0.74	0.03	0.00		4.01	73.00	45.00	16	38			
Pukeonake	hdl:10273/IELEG0005	NZ11	Pukeonake	-39.144782	175.566633	CPX 1	rim	52.65	0.51	1.96	9.47	0.29	16.15	18.20	0.37	0.04	0.22		99.85			1.95	0.01	0.09	0.01	0.29	0.00	0.01	0.89	0.72	0.03	0.00		4.00	75.00	47.00	16	38			
Pukeonake	hdl:10273/IELEG0005	NZ11	Pukeonake	-39.144782	175.566633	CPX 2	rim	51.99	0.61	2.41	10.80	0.30	15.80	17.13	0.45	#0.00	0.12		99.61			1.94	0.02	0.11	0.00	0.34	0.00	0.01	0.88	0.68	0.03	0.00		4.01	72.00	46.00	18	36			
Pukeonake	hdl:10273/IELEG0005	NZ11	Pukeonake	-39.144782	175.566633	CPX 3	core	52.69	0.61	2.00	9.13	0.24	15.93	18.43	0.39	#0.00	0.17		99.57			1.95	0.02	0.09	0.00	0.28	0.00	0.01	0.88	0.73	0.03	0.00		4.00	75.00	46.00	15	38			
Pukeonake	hdl:10273/IELEG0005	NZ11	Pukeonake	-39.144782	175.566633	CPX 3	rim	53.22	0.30	3.48	5.02	0.16	18.28	18.62	0.44	0.01	0.56		100.08			1.93	0.01	0.15	0.02	0.15	0.00	0.00	0.99	0.72	0.03	0.00		4.00	86.00	53.00	8	39			
Pukeonake	hdl:10273/IELEG0005	NZ11	Pukeonake	-39.144782	175.566633	CPX 4	core	51.64	0.58	2.49	10.29	0.25	15.81	18.00	0.43	#0.00	0.08		99.57			1.93	0.02	0.11	0.00	0.32	0.00	0.01	0.88	0.72	0.03	0.00		4.02	73.00	46.00	17	37			
Pukeonake	hdl:10273/IELEG0005	NZ11	Pukeonake	-39.144782	175.566633	CPX 4	rim	52.34	0.48	3.04	6.03	0.21	17.29	20.00	0.27	#0.00	0.78		100.44			1.91	0.01	0.13	0.02	0.18	0.00	0.01	0.94	0.78	0.02	0.00		4.01	83.00	49.00	10	41			
Pukeonake	hdl:10273/IELEG0005	NZ11	Pukeonake	-39.144782	175.566633	CPX 5	core	52.10	0.57	2.45	9.63	0.21	15.88	18.42	0.40	0.01	0.12		99.80			1.93	0.02	0.11	0.00	0.30	0.00	0.01	0.88	0.73	0.03	0.00		4.01	74.00	46.00	16	38			
Pukeonake	hdl:10273/IELEG0005	NZ11	Pukeonake	-39.144782	175.566633	CPX 5	rim	51.63	0.66	2.73	11.15	0.32	15.62	16.97	0.44	#0.00	0.14		99.66			1.93	0.02	0.12	0.00	0.35	0.00	0.01	0.87	0.68	0.03	0.00		4.01	71.00	46.00	19	36			
Pukeonake	hdl:10273/IELEG0005	NZ11	Pukeonake	-39.144782	175.566633	CPX 6	core	52.61	0.58	2.14	9.48	0.26	16.13	18.13	0.42	#0.00	0.24		99.98			1.95	0.02	0.09	0.01	0.29	0.00	0.01	0.89	0.72	0.03	0.00		4.00	75.00	47.00	16	38			
Pukeonake	hdl:10273/IELEG0005	NZ11	Pukeonake	-39.144782	175.566633	CPX 6	rim	52.31	0.51	2.59	10.22	0.24	15.55	17.65	0.47	#0.00	0.19		99.73			1.94	0.01	0.11	0.01	0.32	0.00	0.01	0.86	0.70	0.03	0.00		4.00	73.00	46.00	17	37			
Pukeonake	hdl:10273/IELEG0005	NZ11	Pukeonake	-39.144782	175.566633	CPX 7	core	52.23	0.62	2.15	10.02	0.22	15.63	18.67	0.42	#0.00	0.21		100.17			1.94	0.02	0.09	0.01	0.31	0.00	0.01	0.86	0.74	0.03	0.00		4.01	73.00	45.00	17	39			
Pukeonake	hdl:10273/IELEG0005	NZ11	Pukeonake	-39.144782	175.566633	CPX 7	rim	51.46	0.72	2.78	10.92	0.31	15.37	17.29	0.47	0.02	0.20		99.54			1.92	0.02	0.12	0.01	0.34	0.00	0.01	0.86	0.69	0.03	0.00		4.01	71.00	45.00	18	36			
Pukeonake	hdl:10273/IELEG0005	NZ11	Pukeonake	-39.144782	175.566633	CPX 8	core	53.40	0.44	1.69	8.09	0.21	17.13	18.85	0.28	0.01	0.20		100.29			1.96	0.01	0.07	0.01	0.25	0.00	0.01	0.94	0.74	0.02	0.00		4.00	79.00	48.00	13	38			
Pukeonake	hdl:10273/IELEG0005	NZ11	Pukeonake	-39.144782	175.566633	CPX 8	rim	52.90	0.31	3.65	5.15	0.12	17.64	19.33	0.42	0.02	0.45		99.98			1.92	0.01	0.16	0.01	0.16	0.00	0.00	0.96	0.75	0.03	0.00		4.00	86.00	51.00	9	40			
Pukeonake	hdl:10273/IELEG0005	NZ11	Pukeonake	-39.144782	175.566633	CPX 9	core	52.01	0.71	2.32	9.98	0.17	15.36	18.63	0.41	#0.00	0.22		99.83			1.94	0.02	0.10	0.01	0.31	0.00	0.01	0.85	0.74	0.03	0.00		4.00	73.00	45.00	17	39			
Pukeonake	hdl:10273/IELEG0005	NZ11	Pukeonake	-39.144782	175.566633	CPX 9	rim	51.66	0.69	2.76	10.87	0.24	15.91	16.70	0.41	0.01	0.12		99.36			1.93	0.02	0.12	0.00	0.34	0.00	0.01	0.89	0.67	0.03	0.00		4.00	72.00	47.00	18	35			
Pukeonake	hdl:10273/IELEG0006	NZ12	Pukeonake	-39.144856	175.566722	CPX 1	core	52.57	0.54	2.19	9.55	0.20	16.67	17.15	0.44	#0.00	0.36		99.67	6.37	0.02	1.95	0.01	0.10	0.01	0.30	0.00	0.01	0.92	0.68	0.03	0.00		4.00	75.00	48.00	16	36			
Pukeonake	hdl:10273/IELEG0006	NZ12	Pukeonake	-39.144856	175.566722	CPX 1	rim	51.88	0.70	2.74	11.15	0.27	15.59	17.05	0.44	#0.00	0.11		99.92			1.93	0.02	0.12	0.00	0.35	0.00	0.01	0.86	0.68	0.03	0.00		4.00	71.00	46.00	19	36			
Pukeonake	hdl:10273/IELEG0006	NZ12	Pukeonake	-39.144856	175.566722	CPX 2	core	52.15	0.60	2.33	9.19	0.25	15.99	18.67	0.40	#0.00	0.20		99.77			1.94	0.02	0.10	0.01	0.29	0.00	0.01	0.88	0.74	0.03	0.00		4.01	75.00	46.00	15	39			
Pukeonake	hdl:10273/IELEG0006	NZ12	Pukeonake	-39.144856	175.566722	CPX 2	rim	52.60	0.52	2.31	7.04	0.14	16.94	19.88	0.27	#0.00	0.09		99.77			1.94	0.01	0.10	0.00	0.22	0.00	0.00	0.93	0.78	0.02	0.00		4.01	81.00	48.00	11	41			
Pukeonake	hdl:10273/IELEG0006	NZ12	Pukeonake	-39.144856	175.566722	CPX 3	core	53.04	0.56	1.81	9.33	0.22	16.33	18.39	0.36	#0.00	0.14		100.18			1.96	0.02	0.08	0.00	0.29	0.00	0.01	0.90	0.73	0.03	0.00		4.00	75.00	47.00	15	38			
Pukeonake	hdl:10273/IELEG0006	NZ12	Pukeonake	-39.144856	175.566722	CPX 3	rim	51.85	0.66	2.53	10.66	0.28	15.65	17.28	0.41	#0.00	0.12		99.45			1.94	0.02	0.11	0.00	0.33	0.00	0.01	0.87	0.69	0.03	0.00		4.00	72.00	46.00	18	36			
Pukeonake	hdl:10273/IELEG0006	NZ12	Pukeonake	-39.144856	175.566722	CPX 4	core	51.90	0.70	2.16	10.42	0.28	15.34	18.10	0.38	#0.00	0.10		99.39			1.94	0.02	0.10	0.00	0.33	0.00	0.01	0.86	0.73	0.03	0.00		4.00	72.00	45.00	17	38			
Pukeonake	hdl:10273/IELEG0006	NZ12	Pukeonake	-39.144856	175.566722	CPX 4	rim	52.88	0.36	2.53	5.99	0.18	17.65	19.64	0.27	#0.00	0.46		99.96			1.93	0.01	0.11	0.01	0.18	0.00	0.01	0.96	0.77	0.02	0.00		4.01	84.00	50.00	10	40			
Pukeonake	hdl:10273/IELEG0006	NZ12	Pukeonake	-39.144856	175.566722	CPX 5	core	51.73	0.73	2.53	10.61	0.27	15.19	17.87	0.42	#0.00	0.16		99.51			1.93	0.02	0.11	0.00	0.33	0.00	0.01	0.85	0.72	0.03	0.00		4.00	71.00	44.00	18	38			
Pukeonake	hdl:10273/IELEG0006	NZ12	Pukeonake	-39.144856	175.566722	CPX 5	rim	52.78	0.37	3.04	6.76	0.14	17.60	18.90	0.39	#0.00	0.17		100.15			1.93	0.01	0.13	0.00	0.21	0.00	0.00	0.96	0.74	0.03	0.00		4.01	82.00	50.00	11	39			
Pukeonake	hdl:10273/IELEG0006	NZ12	Pukeonake	-39.144856	175.566722	CPX 6	core	52.26	0.67	2.09	9.67	0.21	15.90	18.46	0.34	#0.00	0.24		99.83			1.94	0.02	0.09	0.01	0.30	0.00	0.01	0.88	0.73	0.02	0.00		4.00	74.00	46.00	16	38			
Pukeonake	hdl:10273/IELEG0006	NZ12	Pukeonake	-39.144856	175.566722	CPX 6	rim	53.11	0.30	3.40	5.82	0.19	17.59	19.59	0.38	#0.00	0.43		100.81			1.92	0.01	0.14	0.01	0.18	0.00	0.01	0.95	0.76	0.03	0.00		4.00	84.00	50.00	10	40			
Ruapehu	hdl:10273/IELEG0003	NZ7	Ruapehu	-39.211971	175.540709	CPX 1	rim	52.19	0.46	1.56	10.66	0.18	14.50	20.07	0.26		0.03		99.91			1.95	0.01	0.07	0.00	0.33	0.00	0.01	0.81	0.80	0.02	0.00	0.00	4.01	70.00	41.00	17	41			
Ruapehu	hdl:10273/IELEG0003	NZ7	Ruapehu	-39.211971	175.540709	CPX 2	rim	51.99	0.62	2.18	11.75	0.21	13.74	19.89	0.32		0.01		100.71			1.94	0.02	0.10	0.00	0.37	0.00	0.01	0.76	0.79	0.02	0.00	0.00	4.01	67.00	40.00	19	41			
Pukeonake	hdl:10273/IELEG0001	NZ3	Pukeonake	-39.144991	175.565564	OPX 1	core	55.98	0.15	1.60	11.26	0.22	28.89	1.72	0.02	#0.00	0.18	#0.00	100.02			1.98	0.00	0.07	0.00	0.33	0.00	0.01	1.52	0.07	0.00	0.00	0.00	3.98	82.00	79.00	18	3			
Pukeonake	hdl:10273/IELEG0001	NZ3	Pukeonake	-39.144991	175.565564	OPX 1	rim	55.70	0.15	2.28	8.95	0.25	30.43	1.80	0.04	0.02	0.57	#0.00	100.19			1.95	0.00	0.09	0.02	0.26	0.00	0.01	1.59	0.07	0.00	0.00	0.00	3.99	85.00	83.00	14	4			
Pukeonake	hdl:10273/IELEG0001	NZ3	Pukeonake	-39.144991	175.565564	OPX 2	core	54.29	0.37	1.39	16.92	0.26	24.96	1.99	0.08	#0.00	0.11	#0.00	100.36			1.97	0.01	0.06	0.00	0.51	0.00	0.01	1.35	0.08	0.01	0.00	0.00	3.99	72.00	69.00	27	4			
Pukeonake	hdl:10273/IELEG0001	NZ3	Pukeonake	-39.144991	175.565564	OPX 3	core	55.31	0.17	1.43	13.80	0.26	27.46	1.68	0.02	#0.00	0.19	#0.00	100.32			1.97	0.00	0.06	0.01	0.41	0.00	0.01	1.46	0.06	0.00	0.00	0.00	3.99	78.00	75.00	22	3			
Pukeonake	hdl:10273/IELEG0001	NZ3	Pukeonake	-39.144991	175.565564	OPX 4	in PLAG.	56.07	0.08	1.36	8.97	0.27	31.64	1.70	0.04	#0.00	0.00	#0.00	100.13			1.96	0.00	0.06	0.00	0.26	0.00	0.01	1.65	0.06	0.00	0.00	0.00	4.01	86.00	83.00	14	3			
Pukeonake	hdl:10273/IELEG0001	NZ3	Pukeonake	-39.144991	175.565564	OPX 5	OPX surr. Ol	55.33	0.18	3.18	9.82	0.22	29.75	2.06	0.04	0.01	0.17	#0.00	100.75			1.93	0.00	0.13	0.00	0.29	0.00	0.01	1.55	0.08	0.00	0.00	0.00	4.00	84.00	81.00	15	4			
Pukeonake	hdl:10273/IELEG0001	NZ3	Pukeonake	-39.144991	175.565564	OPX 6	OPX surr. Ol	55.72	0.14	2.15	9.98	0.19	29.82	1.55	0.05	#0.00	0.35	#0.00	99.95			1.96	0.00	0.09	0.01	0.29	0.00	0.01	1.56	0.06	0.00	0.00	0.00	3.99	84.00	81.00	16	3			
Pukeonake	hdl:10273/IELEG0001	NZ3	Pukeonake	-39.144991	175.565564	OPX 7	OPX surr. Ol	55.40	0.11	2.37	9.45	0.24	30.10	1.54	0.05	#0.00	0.38	#0.00	99.65			1.95	0.00	0.10	0.01	0.28	0.00	0.01	1.58	0.06	0.00	0.00	0.00	3.99	85.00	82.00	15	3			
Pukeonake	hdl:10273/IELEG0001	NZ3	Pukeonake	-39.144991	175.565564	OPX 8	OPX surr. Ol	54.96	0.15	3.37	9.73	0.16	29.55	1.99	0.07	#0.00	0.17	#0.00	100.15			1.93	0.00	0.14	0.00	0.29	0.00	0.00	1.55	0.07	0.00	0.00	0.00	4.00	84.00	81.00	15	4			
Pukeonake	hdl:10273/IELEG0001	NZ3	Pukeonake	-39.144991	175.565564	OPX 9	OPX surr. Ol	55.79	0.14	2.16	8.58	0.25	31.10	1.74	0.06	#0.00	0.58	#0.00	100.40			1.95	0.00	0.09	0.02	0.25	0.00	0.01	1.62	0.07	0.00	0.00	0.00	4.00	86.00	83.00	13	3			
Pukeonake	hdl:10273/IELEG0001	NZ3	Pukeonake	-39.144991	175.565564	OPX 10	OPX surr. Ol	56.04	0.11	2.35	8.66	0.27	31.01	1.65	0.02	0.01	0.57	#0.00	100.69			1.95	0.00	0.10	0.02	0.25	0.00	0.01	1.61	0.06	0.00	0.00	0.00	3.99	86.00	83.00	13	3			
Pukeonake	hdl:10273/IELEG0004	NZ9	Pukeonake	-39.145109	175.565720	OPX 1	core	54.43	0.28	1.40	17.15	0.32	25.53	1.99	0.08	0.01	0.11		101.31			1.96	0.01	0.06	0.00	0.52	0.00	0.01	1.37	0.08	0.01	0.00		4.01	72.00	69.00	27	4			
Pukeonake	hdl:10273/IELEG0004	NZ9	Pukeonake	-39.145109	175.565720	OPX 1	rim	53.68	0.35	1.72	17.25	0.38	25.27	1.99	0.07	#0.00	0.10		100.82			1.94	0.01	0.07	0.00	0.52	0.00	0.01	1.36	0.08	0.00	0.00		4.01	72.00	69.00	27	4			
Pukeonake	hdl:10273/IELEG0004	NZ9	Pukeonake	-39.145109	175.565720	OPX 2	core	53.87	0.22	1.80	15.62	0.30	26.37	1.79	0.06	#0.00	0.14		100.17			1.95	0.01	0.08	0.00	0.47	0.00	0.01	1.42	0.07	0.00	0.00		4.01	75.00	72.00	24	4			
Pukeonake	hdl:10273/IELEG0004	NZ9	Pukeonake	-39.145109	175.565720	OPX 2	rim	53.48	0.30	1.44	17.29	0.36	25.08	1.91	0.07	0.01	0.04		99.97			1.95	0.01	0.06	0.00	0.53	0.00	0.01	1.37	0.07	0.01	0.00		4.01	72.00	69.00	27	4			
Pukeonake	hdl:10273/IELEG0005	NZ11	Pukeonake	-39.144782	175.566633	OPX 1	core	53.26	0.26	1.72	17.14	0.32	25.16	1.94	0.06	0.01	0.10		99.97			1.94	0.01	0.07	0.00	0.52	0.00	0.01	1.37	0.08	0.00	0.00		4.01	72.00	69.00	27	4			
Pukeonake	hdl:10273/IELEG0005	NZ11	Pukeonake	-39.144782	175.566633	OPX 2	core	53.48	0.29	1.52	17.89	0.35	24.41	1.88	0.04	#0.00	0.07		99.93			1.96	0.01	0.07	0.00	0.55	0.00	0.01	1.33	0.07	0.00	0.00		4.00	70.00	68.00	28	4			
Pukeonake	hdl:10273/IELEG0005	NZ11	Pukeonake	-39.144782	175.566633	OPX 2	rim	55.79	0.14	2.24	7.57	0.19	32.15	1.99	0.07	#0.00	0.59		100.72			1.93	0.00	0.09	0.02	0.22	0.00	0.01	1.66	0.07	0.00	0.00		4.01	88.00	85.00	11	4			
Pukeonake	hdl:10273/IELEG0005	NZ11	Pukeonake	-39.144782	175.566633	OPX 3	core	53.83	0.30	1.66	16.85	0.33	25.37	1.94	0.08	#0.00	0.14		100.50			1.95	0.01	0.07	0.00	0.51	0.00	0.01	1.37	0.08	0.01	0.00		4.01	72.00	70.00	26	4			
Pukeonake	hdl:10273/IELEG0005	NZ11	Pukeonake	-39.144782	175.566633	OPX 3	rim	56.45	0.08	1.54	7.90	0.15	32.32	1.35	0.03	#0.00	0.48		100.30			1.96	0.00	0.06	0.01	0.23	0.00	0.00	1.67	0.05	0.00	0.00		4.00	88.00	85.00	12	3			
Pukeonake	hdl:10273/IELEG0005	NZ11	Pukeonake	-39.144782	175.566633	OPX 4	core	53.34	0.29	1.66	17.68	0.35	25.09	1.90	0.02	#0.00	0.11		100.45			1.94	0.01	0.07	0.00	0.54	0.00	0.01	1.36	0.07	0.00	0.00		4.01	71.00	69.00	28	4			
Pukeonake	hdl:10273/IELEG0005	NZ11	Pukeonake	-39.144782	175.566633	OPX 4	rim	55.46	0.29	1.25	11.86	0.22	29.31	1.95	0.05	0.01	0.14		100.54			1.96	0.01	0.05	0.00	0.35	0.00	0.01	1.55	0.07	0.00	0.00		4.00	81.00	78.00	18	4			
Pukeonake	hdl:10273/IELEG0006	NZ12	Pukeonake	-39.144856	175.566722	OPX 1	core	55.61	0.10	2.25	11.35	0.24	29.95	1.59	0.06	0.01	0.07		101.22			1.95	0.00	0.09	0.00	0.33	0.00	0.01	1.56	0.06	0.00	0.00		4.01	82.00	80.00	17	3			
Pukeonake	hdl:10273/IELEG0006	NZ12	Pukeonake	-39.144856	175.566722	OPX 1	rim	55.94	0.11	2.11	10.40	0.25	30.74	1.63	0.03	0.02	0.12		101.36			1.95	0.00	0.09	0.00	0.30	0.00	0.01	1.59	0.06	0.00	0.00		4.01	84.00	81.00	16	3			
Pukeonake	hdl:10273/IELEG0006	NZ12	Pukeonake	-39.144856	175.566722	OPX 2	core	53.58	0.25	1.69	17.80	0.38	24.83	1.70	0.05	#0.00	0.06		100.35			1.95	0.01	0.07	0.00	0.54	0.00	0.01	1.35	0.07	0.00	0.00		4.01	71.00	68.00	28	3			
Pukeonake	hdl:10273/IELEG0006	NZ12	Pukeonake	-39.144856	175.566722	OPX 2	core2	53.82	0.28	1.61	17.49	0.27	25.32	1.82	0.06	#0.00	0.06		100.73			1.95	0.01	0.07	0.00	0.53	0.00	0.01	1.37	0.07	0.00	0.00		4.01	72.00	69.00	27	4			
Pukeonake	hdl:10273/IELEG0006	NZ12	Pukeonake	-39.144856	175.566722	OPX 2	rim	55.41	0.21	1.61	11.45	0.28	29.78	1.77	0.01	#0.00	0.16		100.67			1.95	0.01	0.07	0.00	0.34	0.00	0.01	1.56	0.07	0.00	0.00		4.01	82.00	79.00	17	3			
Pukeonake	hdl:10273/IELEG0006	NZ12	Pukeonake	-39.144856	175.566722	OPX 2	rim	55.43	0.24	1.65	11.47	0.23	29.88	1.70	0.01	0.01	0.11		100.73			1.95	0.01	0.07	0.00	0.34	0.00	0.01	1.57	0.06	0.00	0.00		4.01	82.00	79.00	17	3			
Pukeonake	hdl:10273/IELEG0006	NZ12	Pukeonake	-39.144856	175.566722	OPX 2	mantle	54.78	0.23	2.20	11.86	0.27	29.23	1.79	0.04	0.01	0.10		100.50			1.94	0.01	0.09	0.00	0.35	0.00	0.01	1.54	0.07	0.00	0.00		4.01	81.00	78.00	18	3			
Pukeonake	hdl:10273/IELEG0006	NZ12	Pukeonake	-39.144856	175.566722	OPX 3	core	53.98	0.30	1.41	17.85	0.29	25.01	1.93	0.06	0.01	0.14		100.97			1.96	0.01	0.06	0.00	0.54	0.00	0.01	1.35	0.07	0.00	0.00		4.01	71.00	68.00	28	4			
Pukeonake	hdl:10273/IELEG0006	NZ12	Pukeonake	-39.144856	175.566722	OPX 3	rim	55.55	0.17	1.67	12.03	0.20	29.60	1.87	0.04	#0.00	0.07		101.20			1.95	0.00	0.07	0.00	0.35	0.00	0.01	1.55	0.07	0.00	0.00		4.01	81.00	78.00	18	4			
Pukeonake	hdl:10273/IELEG0006	NZ12	Pukeonake	-39.144856	175.566722	OPX 4	matrix	53.32	0.25	5.92	10.14	0.25	28.41	2.21	0.08	0.01	0.10		100.69			1.87	0.01	0.24	0.00	0.30	0.00	0.01	1.49	0.08	0.01	0.00		4.00	83.00	79.00	16	4			
Pukeonake	hdl:10273/IELEG0006	NZ12	Pukeonake	-39.144856	175.566722	OPX 5	core	53.59	0.19	1.66	19.58	0.37	23.99	1.76	0.07	#0.00	0.17		101.38			1.95	0.01	0.07	0.00	0.60	0.00	0.01	1.30	0.07	0.01	0.00		4.01	68.00	66.00	31	3			
Pukeonake	hdl:10273/IELEG0006	NZ12	Pukeonake	-39.144856	175.566722	OPX 5	core2	53.62	0.30	1.62	19.12	0.38	23.90	1.83	0.07	#0.00	0.13		100.97			1.95	0.01	0.07	0.00	0.58	0.00	0.01	1.30	0.07	0.01	0.00		4.00	69.00	66.00	30	4			
Pukeonake	hdl:10273/IELEG0006	NZ12	Pukeonake	-39.144856	175.566722	OPX 5	rim	55.91	0.24	1.54	11.14	0.31	29.99	1.83	0.03	#0.00	0.12		101.10			1.96	0.01	0.06	0.00	0.33	0.00	0.01	1.57	0.07	0.00	0.00		4.00	82.00	79.00	17	3			
Pukeonake	hdl:10273/IELEG0006	NZ12	Pukeonake	-39.144856	175.566722	OPX 5	rim2	55.79	0.20	1.71	10.86	0.28	30.33	1.80	0.05	0.02	0.28		101.31			1.95	0.01	0.07	0.01	0.32	0.00	0.01	1.58	0.07	0.00	0.00		4.01	83.00	80.00	17	3			
Pukeonake	hdl:10273/IELEG0006	NZ12	Pukeonake	-39.144856	175.566722	OPX 6	matrix	55.23	0.32	1.15	13.57	0.30	27.11	2.46	0.03	0.02	0.20		100.37			1.97	0.01	0.05	0.01	0.41	0.00	0.01	1.44	0.09	0.00	0.00		3.99	78.00	74.00	21	5			
Pukeonake	hdl:10273/IELEG0006	NZ12	Pukeonake	-39.144856	175.566722	OPX 7	matrix	54.90	0.30	0.95	12.89	0.30	26.27	4.76	0.08	0.01	0.16		100.62			1.97	0.01	0.04	0.00	0.39	0.00	0.01	1.40	0.18	0.01	0.00		4.01	78.00	71.00	20	9			
Ruapehu	hdl:10273/IELEG0003	NZ7	Ruapehu	-39.211971	175.540709	OPX 1	rim	52.58	0.30	1.08	21.66	0.50	22.16	1.62	0.05		0.03		99.97			1.96	0.01	0.05	0.00	0.68	0.00	0.02	1.23	0.06	0.00	0.00	0.00	4.01	64.00	62.00	35	3			
Ruapehu	hdl:10273/IELEG0003	NZ7	Ruapehu	-39.211971	175.540709	OPX 2	rim	53.38	0.34	1.17	21.50	0.44	22.53	1.62	0.05		0.00		101.03			1.96	0.01	0.05	0.00	0.66	0.00	0.01	1.24	0.06	0.00	0.00	0.00	4.00	65.00	63.00	34	3			
Ruapehu	hdl:10273/IELEG0003	NZ7	Ruapehu	-39.211971	175.540709	OPX 3	rim	52.95	0.33	1.46	23.37	0.39	21.50	1.70	0.03		0.02		101.74			1.95	0.01	0.06	0.00	0.72	0.00	0.01	1.18	0.07	0.00	0.00	0.00	4.01	62.00	60.00	37	3			
Ruapehu	hdl:10273/IELEG0003	NZ7	Ruapehu	-39.211971	175.540709	OPX 4	rim	53.11	0.27	1.06	23.73	0.40	21.16	1.61	0.04		0.01		101.39			1.97	0.01	0.05	0.00	0.73	0.00	0.01	1.17	0.06	0.00	0.00	0.00	4.00	61.00	59.00	38	3			
Pukeonake	hdl:10273/IELEG0001	NZ3	Pukeonake	-39.144991	175.565564	OL 1	core	40.30	0.00	0.00	10.93	0.14	47.96	0.12	#0.00	#0.00	#0.00	0.36	99.81	5.06	0.01	1.00	0.00	0.00	0.00	0.23	0.00	0.00	1.77	0.00	0.00	0.00	0.01	3.00	89.00						
Pukeonake	hdl:10273/IELEG0001	NZ3	Pukeonake	-39.144991	175.565564	OL 1	core	40.64	0.00	0.00	9.75	0.10	48.99	0.10	#0.00	#0.00	#0.00	0.36	99.94	5.23	0.01	1.00	0.00	0.00	0.00	0.20	0.00	0.00	1.79	0.00	0.00	0.00	0.01	3.00	90.00						
Pukeonake	hdl:10273/IELEG0001	NZ3	Pukeonake	-39.144991	175.565564	OL 2	core	39.47	0.00	0.00	16.34	0.23	43.11	0.14	#0.00	#0.00	#0.00	0.35	99.64	4.98	0.01	1.00	0.00	0.00	0.00	0.35	0.00	0.00	1.63	0.00	0.00	0.00	0.01	3.00	82.00						
Pukeonake	hdl:10273/IELEG0001	NZ3	Pukeonake	-39.144991	175.565564	OL 2	rim	39.18	0.00	0.00	16.96	0.24	42.57	0.19	#0.00	#0.00	#0.00	0.27	99.40	5.15	0.01	1.00	0.00	0.00	0.00	0.36	0.00	0.01	1.62	0.01	0.00	0.00	0.01	3.00	82.00						
Pukeonake	hdl:10273/IELEG0001	NZ3	Pukeonake	-39.144991	175.565564	OL 2	rim	39.26	0.00	0.00	16.63	0.19	42.96	0.18	#0.00	#0.00	#0.00	0.30	99.52	4.92	0.07	1.00	0.00	0.00	0.00	0.35	0.00	0.00	1.63	0.00	0.00	0.00	0.01	3.00	82.00						
Pukeonake	hdl:10273/IELEG0001	NZ3	Pukeonake	-39.144991	175.565564	OL 3	core	39.34	0.00	0.00	16.64	0.24	42.89	0.17	#0.00	#0.00	#0.00	0.30	99.58	5.25	0.02	1.00	0.00	0.00	0.00	0.35	0.00	0.01	1.63	0.00	0.00	0.00	0.01	3.00	82.00						
Pukeonake	hdl:10273/IELEG0001	NZ3	Pukeonake	-39.144991	175.565564	OL 3	core	39.47	0.00	0.00	16.34	0.23	43.11	0.14	#0.00	#0.00	#0.00	0.35	99.64			1.00	0.00	0.00	0.00	0.35	0.00	0.00	1.63	0.00	0.00	0.00	0.01	3.00	82.00						
Pukeonake	hdl:10273/IELEG0001	NZ3	Pukeonake	-39.144991	175.565564	OL 3	rim	39.18	0.00	0.00	16.96	0.24	42.57	0.19	#0.00	#0.00	#0.00	0.27	99.40			1.00	0.00	0.00	0.00	0.36	0.00	0.01	1.62	0.01	0.00	0.00	0.01	3.00	82.00						
Pukeonake	hdl:10273/IELEG0001	NZ3	Pukeonake	-39.144991	175.565564	OL 3	rim	39.26	0.00	0.00	16.63	0.19	42.96	0.18	#0.00	#0.00	#0.00	0.30	99.52			1.00	0.00	0.00	0.00	0.35	0.00	0.00	1.63	0.00	0.00	0.00	0.01	3.00	82.00						
Pukeonake	hdl:10273/IELEG0001	NZ3	Pukeonake	-39.144991	175.565564	OL 4	core	39.34	0.00	0.00	16.64	0.24	42.89	0.17	#0.00	#0.00	#0.00	0.30	99.58			1.00	0.00	0.00	0.00	0.35	0.00	0.01	1.63	0.00	0.00	0.00	0.01	3.00	82.00						
Pukeonake	hdl:10273/IELEG0001	NZ3	Pukeonake	-39.144991	175.565564	OL 5	core	41.23	0.03	0.04	9.73	0.13	48.57	0.13	0.01	#0.00	0.09	0.00	99.95			1.01	0.00	0.00	0.00	0.20	0.00	0.00	1.77	0.00	0.00	0.00	0.00	2.99	90.00						
Pukeonake	hdl:10273/IELEG0001	NZ3	Pukeonake	-39.144991	175.565564	OL 5	core	41.24	0.00	0.05	10.20	0.13	48.49	0.13	0.04	#0.00	0.09	0.00	100.37			1.01	0.00	0.00	0.00	0.21	0.00	0.00	1.77	0.00	0.00	0.00	0.00	2.99	89.00						
Pukeonake	hdl:10273/IELEG0001	NZ3	Pukeonake	-39.144991	175.565564	OL 5	core	41.36	0.04	0.03	9.72	0.15	48.83	0.15	0.04	#0.00	0.06	0.00	100.36			1.01	0.00	0.00	0.00	0.20	0.00	0.00	1.77	0.00	0.00	0.00	0.00	2.99	90.00						
Pukeonake	hdl:10273/IELEG0001	NZ3	Pukeonake	-39.144991	175.565564	OL 5	core	41.24	0.03	0.05	9.83	0.13	48.71	0.14	0.02	#0.00	0.05	0.00	100.20			1.01	0.00	0.00	0.00	0.20	0.00	0.00	1.77	0.00	0.00	0.00	0.00	2.99	90.00						
Pukeonake	hdl:10273/IELEG0001	NZ3	Pukeonake	-39.144991	175.565564	OL 6	core	39.35	0.00	0.00	15.72	0.20	43.48	0.17	#0.00	#0.00	#0.00	0.42	99.32			1.00	0.00	0.00	0.00	0.33	0.00	0.00	1.65	0.00	0.00	0.00	0.01	3.00	83.00						
Pukeonake	hdl:10273/IELEG0001	NZ3	Pukeonake	-39.144991	175.565564	OL 6	core	39.41	0.00	0.00	15.96	0.25	43.68	0.17	#0.00	#0.00	#0.00	0.39	99.87			1.00	0.00	0.00	0.00	0.34	0.00	0.01	1.65	0.00	0.00	0.00	0.01	3.00	83.00						
Pukeonake	hdl:10273/IELEG0001	NZ3	Pukeonake	-39.144991	175.565564	OL 6	rim	38.90	0.00	0.00	19.21	0.22	41.27	0.17	#0.00	#0.00	#0.00	0.22	100.00			1.00	0.00	0.00	0.00	0.41	0.00	0.00	1.58	0.00	0.00	0.00	0.00	3.00	79.00						
Pukeonake	hdl:10273/IELEG0001	NZ3	Pukeonake	-39.144991	175.565564	OL 6	rim	39.40	0.00	0.00	15.73	0.22	43.77	0.18	#0.00	#0.00	#0.00	0.42	99.71			1.00	0.00	0.00	0.00	0.33	0.00	0.00	1.65	0.00	0.00	0.00	0.01	3.00	83.00						
Pukeonake	hdl:10273/IELEG0001	NZ3	Pukeonake	-39.144991	175.565564	OL 7	core	41.46	0.00	0.00	5.87	0.04	51.61	0.11	#0.00	#0.00	#0.00	0.40	99.49			1.00	0.00	0.00	0.00	0.12	0.00	0.00	1.86	0.00	0.00	0.00	0.01	3.00	94.00						
Pukeonake	hdl:10273/IELEG0001	NZ3	Pukeonake	-39.144991	175.565564	OL 7	core	38.42	0.00	0.00	5.70	0.10	48.29	0.17	#0.00	#0.00	#0.00	0.40	93.08			1.00	0.00	0.00	0.00	0.12	0.00	0.00	1.87	0.00	0.00	0.00	0.01	3.00	94.00						
Pukeonake	hdl:10273/IELEG0001	NZ3	Pukeonake	-39.144991	175.565564	OL 7	core	41.48	0.00	0.00	5.80	0.07	51.62	0.11	#0.00	#0.00	#0.00	0.39	99.46			1.00	0.00	0.00	0.00	0.12	0.00	0.00	1.86	0.00	0.00	0.00	0.01	3.00	94.00						
Pukeonake	hdl:10273/IELEG0001	NZ3	Pukeonake	-39.144991	175.565564	OL 7	core	41.35	0.00	0.00	6.03	0.09	52.14	0.10	#0.00	#0.00	#0.00	0.40	100.11			1.00	0.00	0.00	0.00	0.12	0.00	0.00	1.87	0.00	0.00	0.00	0.01	3.00	94.00						
Pukeonake	hdl:10273/IELEG0001	NZ3	Pukeonake	-39.144991	175.565564	OL 8	core, surr. by OPX	40.77	0.05	0.04	12.40	0.26	46.98	0.13	#0.00	#0.00	0.05	#0.00	100.68			1.00	0.00	0.00	0.00	0.26	0.00	0.01	1.72	0.00	0.00	0.00	0.00	2.99	87.00						
Pukeonake	hdl:10273/IELEG0001	NZ3	Pukeonake	-39.144991	175.565564	OL 8	core, surr. by OPX	40.83	0.03	0.04	12.64	0.26	46.85	0.13	0.02	#0.00	0.03	#0.00	100.82			1.00	0.00	0.00	0.00	0.26	0.00	0.01	1.72	0.00	0.00	0.00	0.00	2.99	87.00						
Pukeonake	hdl:10273/IELEG0001	NZ3	Pukeonake	-39.144991	175.565564	OL 8	core, surr. by OPX	40.71	0.00	0.05	12.36	0.14	46.96	0.15	#0.00	#0.00	0.03	#0.00	100.41			1.00	0.00	0.00	0.00	0.25	0.00	0.00	1.73	0.00	0.00	0.00	0.00	2.99	87.00						
Pukeonake	hdl:10273/IELEG0001	NZ3	Pukeonake	-39.144991	175.565564	OL 8	core, surr. by OPX	40.86	0.02	0.05	12.25	0.15	46.87	0.11	0.01	#0.00	0.04	#0.00	100.37			1.01	0.00	0.00	0.00	0.25	0.00	0.00	1.72	0.00	0.00	0.00	0.00	2.99	87.00						
Pukeonake	hdl:10273/IELEG0001	NZ3	Pukeonake	-39.144991	175.565564	OL 8	core, surr. by OPX	40.90	0.01	0.05	12.64	0.22	46.75	0.15	0.03	#0.00	0.09	#0.00	100.83			1.01	0.00	0.00	0.00	0.26	0.00	0.00	1.71	0.00	0.00	0.00	0.00	2.99	87.00						
Pukeonake	hdl:10273/IELEG0005	NZ11	Pukeonake	-39.144782	175.566633	OL 1	matrix	40.01	0.04	0.02	14.96	0.20	44.99	0.17	0.02	0.01	0.05		100.47			1.00	0.00	0.00	0.00	0.31	0.00	0.00	1.68	0.00	0.00	0.00		3.00	84.00						
Pukeonake	hdl:10273/IELEG0005	NZ11	Pukeonake	-39.144782	175.566633	OL 2	matrix	40.15	0.00	0.04	15.13	0.20	45.09	0.18	0.02	0.00	0.02		100.83			1.00	0.00	0.00	0.00	0.31	0.00	0.00	1.67	0.00	0.00	0.00		3.00	84.00						
Pukeonake	hdl:10273/IELEG0005	NZ11	Pukeonake	-39.144782	175.566633	OL 3	matrix	39.96	0.00	0.00	15.49	0.20	44.83	0.18	0.02	0.01	0.01		100.71			1.00	0.00	0.00	0.00	0.32	0.00	0.00	1.67	0.00	0.00	0.00		3.00	84.00						
Pukeonake	hdl:10273/IELEG0005	NZ11	Pukeonake	-39.144782	175.566633	OL 4	matrix	39.62	0.01	0.04	17.21	0.21	43.39	0.22	0.01	0.03	0.01		100.74			1.00	0.00	0.00	0.00	0.36	0.00	0.00	1.63	0.01	0.00	0.00		3.00	82.00						
Pukeonake	hdl:10273/IELEG0006	NZ12	Pukeonake	-39.144856	175.566722	OL 1	matrix	39.83	0.02	0.02	16.27	0.28	44.47	0.19	0.01	0.01	0.03		101.13			1.00	0.00	0.00	0.00	0.34	0.00	0.01	1.66	0.00	0.00	0.00		3.00	83.00						
Pukeonake	hdl:10273/IELEG0006	NZ12	Pukeonake	-39.144856	175.566722	OL 2	matrix	38.27	0.03	0.03	24.69	0.31	37.58	0.24	0.01	0.01	#0.00		101.17			1.00	0.00	0.00	0.00	0.54	0.00	0.01	1.46	0.01	0.00	0.00		3.00	73.00						
Pukeonake	hdl:10273/IELEG0001	NZ3	Pukeonake	-39.144991	175.565564	PLAG 1	core	49.94	0.00	31.77	0.49	0.00	#0.00	14.52	2.93	0.13	#0.00	#0.00	99.79			2.28	0.00	1.71	0.00	0.02	0.00	0.00	0.00	0.71	0.26	0.01	0.00	4.99					73	27	1
Pukeonake	hdl:10273/IELEG0001	NZ3	Pukeonake	-39.144991	175.565564	PLAG 2	core	54.57	0.00	28.64	0.47	0.00	#0.00	11.24	4.82	0.34	#0.00	#0.00	100.08			2.47	0.00	1.52	0.00	0.02	0.00	0.00	0.00	0.54	0.42	0.02	0.00	4.99					55	43	2
Pukeonake	hdl:10273/IELEG0001	NZ3	Pukeonake	-39.144991	175.565564	PLAG 3	in matrix	57.15	0.23	25.15	1.08	0.04	0.21	9.22	5.07	0.89	#0.00	#0.00	99.17			2.60	0.01	1.35	0.00	0.04	0.00	0.00	0.01	0.45	0.45	0.05	0.00	4.96					47	47	5
Pukeonake	hdl:10273/IELEG0001	NZ3	Pukeonake	-39.144991	175.565564	PLAG 4	core	58.26	0.00	16.59	4.52	0.00	#0.00	5.39	4.41	4.79	#0.00	#0.00	93.96			2.86	0.00	0.96	0.00	0.19	0.00	0.00	0.00	0.28	0.42	0.30	0.00	5.02					28	42	30
Pukeonake	hdl:10273/IELEG0001	NZ3	Pukeonake	-39.144991	175.565564	PLAG 5	core	59.47	1.00	18.66	3.30	0.10	1.35	8.03	4.61	2.87	#0.00	#0.00	99.96			2.74	0.03	1.01	0.00	0.13	0.00	0.00	0.09	0.40	0.41	0.17	0.00	5.00					41	42	17
Pukeonake	hdl:10273/IELEG0001	NZ3	Pukeonake	-39.144991	175.565564	PLAG 6	core	59.39	1.09	18.55	3.27	0.07	1.27	8.14	4.78	1.88	#0.00	#0.00	99.06			2.75	0.04	1.01	0.00	0.13	0.00	0.00	0.09	0.40	0.43	0.11	0.00	4.97					43	45	12
Pukeonake	hdl:10273/IELEG0001	NZ3	Pukeonake	-39.144991	175.565564	PLAG 7	core	50.94	0.00	31.06	0.55	0.00	#0.00	13.96	3.30	0.17	#0.00	#0.00	99.98			2.32	0.00	1.67	0.00	0.02	0.00	0.00	0.00	0.68	0.29	0.01	0.00	4.99					69	30	1
Pukeonake	hdl:10273/IELEG0001	NZ3	Pukeonake	-39.144991	175.565564	PLAG 8	core	50.84	0.00	31.17	0.44	0.00	#0.00	14.33	3.19	0.18	#0.00	#0.00	100.15			2.31	0.00	1.67	0.00	0.02	0.00	0.00	0.00	0.70	0.28	0.01	0.00	4.99					71	28	1
Pukeonake	hdl:10273/IELEG0001	NZ3	Pukeonake	-39.144991	175.565564	PLAG 9	core	53.37	0.00	29.33	0.50	0.00	#0.00	12.16	4.16	0.22	#0.00	#0.00	99.74			2.42	0.00	1.57	0.00	0.02	0.00	0.00	0.00	0.59	0.37	0.01	0.00	4.98					61	38	1
Pukeonake	hdl:10273/IELEG0001	NZ3	Pukeonake	-39.144991	175.565564	PLAG 10	core	50.98	0.00	31.12	0.52	0.00	#0.00	14.09	3.33	0.19	#0.00	#0.00	100.22			2.32	0.00	1.67	0.00	0.02	0.00	0.00	0.00	0.69	0.29	0.01	0.00	5.00					69	30	1
Pukeonake	hdl:10273/IELEG0001	NZ3	Pukeonake	-39.144991	175.565564	PLAG 11	core	50.36	0.02	31.10	0.52	0.00	0.17	14.76	2.96	0.16	#0.00	#0.00	100.06			2.30	0.00	1.67	0.00	0.02	0.00	0.00	0.01	0.72	0.26	0.01	0.00	5.00					73	26	1
Pukeonake	hdl:10273/IELEG0001	NZ3	Pukeonake	-39.144991	175.565564	PLAG 12	core	60.51	0.71	20.51	3.62	0.05	0.38	3.65	5.48	3.60	#0.00	#0.00	99.08			2.78	0.02	1.11	0.00	0.14	0.00	0.00	0.03	0.18	0.49	0.21	0.00	4.98					20	56	24
Pukeonake	hdl:10273/IELEG0004	NZ9	Pukeonake	-39.145109	175.565720	PLAG 1	core	54.91	0.06	29.16	0.54	0.04	0.08	11.03	4.82	0.47	0.00		101.10			2.46	0.00	1.54	0.00	0.02	0.00	0.00	0.01	0.53	0.42	0.03		5.00					54	43	3
Pukeonake	hdl:10273/IELEG0004	NZ9	Pukeonake	-39.145109	175.565720	PLAG 1	rim	56.96	0.07	28.16	0.49	0.00	0.07	9.99	5.21	0.68	0.02		101.65			2.52	0.00	1.47	0.00	0.02	0.00	0.00	0.00	0.47	0.45	0.04		4.98					49	47	4
Pukeonake	hdl:10273/IELEG0004	NZ9	Pukeonake	-39.145109	175.565720	PLAG 2	matrix	58.02	0.06	26.57	0.42	0.00	0.09	9.87	4.96	0.93			100.98			2.58	0.00	1.39	0.00	0.02	0.00	0.01	0.00	0.47	0.43	0.05		4.95					49	45	6
Pukeonake	hdl:10273/IELEG0004	NZ9	Pukeonake	-39.145109	175.565720	PLAG 3	matrix	56.58	0.06	26.38	0.41	0.04	0.11	9.89	4.78	0.94			99.19			2.57	0.00	1.41	0.00	0.02	0.00	0.01	0.00	0.48	0.42	0.05		4.96					50	44	6
Pukeonake	hdl:10273/IELEG0004	NZ9	Pukeonake	-39.145109	175.565720	PLAG 4	matrix	55.80	0.03	27.52	0.44	0.03	0.15	11.08	4.17	1.08			100.32			2.51	0.00	1.46	0.00	0.02	0.00	0.01	0.00	0.53	0.36	0.06		4.97					56	38	6
Pukeonake	hdl:10273/IELEG0004	NZ9	Pukeonake	-39.145109	175.565720	PLAG 5	matrix	55.51	0.09	28.12	0.53	0.00	0.09	11.88	4.10	0.68			101.03			2.49	0.00	1.48	0.00	0.02	0.00	0.01	0.00	0.57	0.36	0.04		4.96					59	37	4
Pukeonake	hdl:10273/IELEG0004	NZ9	Pukeonake	-39.145109	175.565720	PLAG 5	matrix	55.88	0.07	26.02	0.55	0.01	0.11	9.76	4.96	0.75			98.18			2.56	0.00	1.41	0.00	0.02	0.00	0.01	0.00	0.48	0.44	0.04		4.97					50	46	5
Pukeonake	hdl:10273/IELEG0004	NZ9	Pukeonake	-39.145109	175.565720	PLAG 6	matrix	56.27	0.09	25.97	0.56	0.00	0.09	9.95	5.02	0.73			98.75			2.57	0.00	1.40	0.00	0.02	0.00	0.01	0.00	0.49	0.44	0.04		4.97					50	46	4
Pukeonake	hdl:10273/IELEG0004	NZ9	Pukeonake	-39.145109	175.565720	PLAG 6	matrix	55.88	0.07	26.28	0.55	0.03	0.10	10.25	4.72	0.73			98.73			2.55	0.00	1.42	0.00	0.02	0.00	0.01	0.00	0.50	0.42	0.04		4.96					52	43	4
Pukeonake	hdl:10273/IELEG0004	NZ9	Pukeonake	-39.145109	175.565720	PLAG 7	matrix	53.26	0.02	29.03	0.47	0.00	0.11	12.74	3.79	0.34			99.84			2.42	0.00	1.55	0.00	0.02	0.00	0.01	0.00	0.62	0.33	0.02		4.97					64	34	2
Pukeonake	hdl:10273/IELEG0004	NZ9	Pukeonake	-39.145109	175.565720	PLAG 8	matrix	57.24	0.07	26.91	0.72	0.00	0.12	10.33	4.79	0.66			100.90			2.56	0.00	1.42	0.00	0.03	0.00	0.01	0.00	0.49	0.42	0.04		4.96					52	44	4
Pukeonake	hdl:10273/IELEG0004	NZ9	Pukeonake	-39.145109	175.565720	PLAG 9	matrix	56.10	0.05	26.52	0.78	0.00	0.17	10.70	4.42	0.65			99.42			2.55	0.00	1.42	0.00	0.03	0.00	0.01	0.00	0.52	0.39	0.04		4.96					55	41	4
Pukeonake	hdl:10273/IELEG0004	NZ9	Pukeonake	-39.145109	175.565720	PLAG 10	matrix	54.94	0.08	27.64	0.68	0.00	0.10	11.38	4.31	0.60			99.78			2.49	0.00	1.48	0.00	0.03	0.00	0.01	0.00	0.55	0.38	0.03		4.97					57	39	4
Pukeonake	hdl:10273/IELEG0004	NZ9	Pukeonake	-39.145109	175.565720	PLAG 11	matrix	55.74	0.06	27.18	0.77	0.03	0.11	10.89	4.48	0.67			99.95			2.52	0.00	1.45	0.00	0.03	0.00	0.01	0.00	0.53	0.39	0.04		4.97					55	41	4
Pukeonake	hdl:10273/IELEG0004	NZ9	Pukeonake	-39.145109	175.565720	PLAG 12	matrix	56.89	0.22	24.49	1.66	0.01	0.28	9.49	4.40	1.18			98.75			2.61	0.01	1.32	0.00	0.06	0.00	0.02	0.00	0.47	0.39	0.07		4.95					50	42	7
Pukeonake	hdl:10273/IELEG0004	NZ9	Pukeonake	-39.145109	175.565720	PLAG 13	matrix	54.56	0.04	27.39	0.74	0.00	0.12	11.20	4.43	0.60			99.10			2.49	0.00	1.47	0.00	0.03	0.00	0.01	0.00	0.55	0.39	0.03		4.98					56	40	4
Pukeonake	hdl:10273/IELEG0005	NZ11	Pukeonake	-39.144782	175.566633	PLAG 1	core	57.57	0.06	27.94	0.56	0.10	0.08	9.95	5.11	0.68	0.00		102.05	7.10	0.01	2.54	0.00	1.45	0.00	0.02	0.00	0.00	0.01	0.47	0.44	0.04		4.97					50	46	4
Pukeonake	hdl:10273/IELEG0005	NZ11	Pukeonake	-39.144782	175.566633	PLAG 2	rim	56.61	0.07	28.38	0.50	0.02	0.09	10.14	5.21	0.63	0.00		101.64			2.51	0.00	1.48	0.00	0.02	0.00	0.00	0.01	0.48	0.45	0.04		4.99					50	46	4
Pukeonake	hdl:10273/IELEG0005	NZ11	Pukeonake	-39.144782	175.566633	PLAG 3	matrix	54.61	0.06	29.41	0.52	0.00	0.07	11.75	4.45	0.46	0.01		101.33			2.44	0.00	1.55	0.00	0.02	0.00	0.00	0.00	0.56	0.39	0.03		4.99					58	40	3
Pukeonake	hdl:10273/IELEG0005	NZ11	Pukeonake	-39.144782	175.566633	PLAG 4	matrix	55.22	0.02	27.18	0.75	0.01	0.10	10.99	4.49	0.55			99.33			2.51	0.00	1.46	0.00	0.03	0.00	0.01	0.00	0.54	0.40	0.03		4.97					56	41	3
Pukeonake	hdl:10273/IELEG0005	NZ11	Pukeonake	-39.144782	175.566633	PLAG 5	matrix	56.58	0.05	26.95	0.75	0.01	0.08	10.62	4.57	0.59			100.29			2.54	0.00	1.43	0.00	0.03	0.00	0.01	0.00	0.51	0.40	0.03		4.95					54	42	4
Pukeonake	hdl:10273/IELEG0005	NZ11	Pukeonake	-39.144782	175.566633	PLAG 6	matrix	56.04	0.07	27.53	0.92	0.02	0.10	11.31	4.43	0.49			100.91			2.51	0.00	1.45	0.00	0.03	0.00	0.01	0.00	0.54	0.38	0.03		4.97					57	40	3
Pukeonake	hdl:10273/IELEG0005	NZ11	Pukeonake	-39.144782	175.566633	PLAG 7	matrix	55.20	0.02	27.57	0.90	0.04	0.10	11.17	4.36	0.53			99.89			2.50	0.00	1.47	0.00	0.03	0.00	0.01	0.00	0.54	0.38	0.03		4.97					57	40	3
Pukeonake	hdl:10273/IELEG0005	NZ11	Pukeonake	-39.144782	175.566633	PLAG 8	matrix	52.18	0.04	28.14	0.71	0.00	0.10	12.01	4.02	0.49			97.69			2.43	0.00	1.54	0.00	0.03	0.00	0.01	0.00	0.60	0.36	0.03		5.00					60	37	3
Pukeonake	hdl:10273/IELEG0005	NZ11	Pukeonake	-39.144782	175.566633	PLAG 9	matrix	52.87	0.05	27.85	0.77	0.01	0.09	11.59	4.27	0.52			98.02			2.45	0.00	1.52	0.00	0.03	0.00	0.01	0.00	0.58	0.38	0.03		5.00					58	39	3
Pukeonake	hdl:10273/IELEG0005	NZ11	Pukeonake	-39.144782	175.566633	PLAG 10	matrix	54.61	0.07	26.78	0.64	0.03	0.11	10.71	4.45	0.74			98.18			2.52	0.00	1.45	0.00	0.02	0.00	0.01	0.00	0.53	0.40	0.04		4.97					55	41	4
Pukeonake	hdl:10273/IELEG0005	NZ11	Pukeonake	-39.144782	175.566633	PLAG 11	matrix	54.18	0.07	26.36	0.63	0.00	0.10	10.68	4.44	0.70			97.16			2.52	0.00	1.45	0.00	0.02	0.00	0.01	0.00	0.53	0.40	0.04		4.97					55	41	4
Pukeonake	hdl:10273/IELEG0006	NZ12	Pukeonake	-39.144856	175.566722	PLAG 1	core	54.23	0.09	29.26	0.46	0.00	0.06	11.71	4.26	0.48	#0.00		100.56	7.17	0.02	2.44	0.00	1.55	0.00	0.02	0.00	0.00	0.00	0.56	0.37	0.03		4.98					59	39	3
Pukeonake	hdl:10273/IELEG0006	NZ12	Pukeonake	-39.144856	175.566722	PLAG 1	core2	55.71	0.07	27.73	0.55	0.00	0.13	9.90	4.91	0.62	#0.00		99.60	6.73	0.01	2.52	0.00	1.48	0.00	0.02	0.00	0.00	0.01	0.48	0.43	0.04		4.97					51	46	4
Pukeonake	hdl:10273/IELEG0006	NZ12	Pukeonake	-39.144856	175.566722	PLAG 1	rim	55.04	0.09	28.14	0.76	0.00	0.13	11.20	4.65	0.50	0.01		100.51	7.80	0.06	2.48	0.00	1.49	0.00	0.03	0.00	0.00	0.01	0.54	0.41	0.03		4.99					55	42	3
Pukeonake	hdl:10273/IELEG0006	NZ12	Pukeonake	-39.144856	175.566722	PLAG 1	rim2	56.39	0.06	27.79	0.49	0.02	0.10	10.39	5.35	0.46	#0.00		101.04			2.52	0.00	1.46	0.00	0.02	0.00	0.00	0.01	0.50	0.46	0.03		4.99					50	47	3
Pukeonake	hdl:10273/IELEG0006	NZ12	Pukeonake	-39.144856	175.566722	PLAG 2	matrix	51.52	0.01	30.96	0.53	0.01	0.17	13.84	3.44	0.18	0.01		100.68			2.33	0.00	1.65	0.00	0.02	0.00	0.00	0.01	0.67	0.30	0.01		5.00					68	31	1
Pukeonake	hdl:10273/IELEG0006	NZ12	Pukeonake	-39.144856	175.566722	PLAG 3	matrix	52.65	0.07	29.64	0.68	0.00	0.20	13.10	3.80	0.28	#0.00		100.41			2.39	0.00	1.58	0.00	0.03	0.00	0.00	0.01	0.64	0.33	0.02		5.00					65	34	2
Pukeonake	hdl:10273/IELEG0006	NZ12	Pukeonake	-39.144856	175.566722	PLAG 4	matrix	52.31	0.05	30.60	0.57	0.00	0.12	13.32	3.69	0.23	#0.00		100.90			2.36	0.00	1.63	0.00	0.02	0.00	0.00	0.01	0.64	0.32	0.01		5.00					66	33	1
Pukeonake	hdl:10273/IELEG0006	NZ12	Pukeonake	-39.144856	175.566722	PLAG 5	mantle	54.76	0.09	29.33	0.52	0.00	0.10	11.60	4.46	0.55	0.01		101.44			2.44	0.00	1.54	0.00	0.02	0.00	0.00	0.01	0.55	0.39	0.03		4.99					57	40	3
Pukeonake	hdl:10273/IELEG0006	NZ12	Pukeonake	-39.144856	175.566722	PLAG 5	mantle	55.91	0.10	30.09	0.47	0.01	0.09	11.85	4.46	0.49	#0.00		103.47			2.44	0.00	1.55	0.00	0.02	0.00	0.00	0.01	0.55	0.38	0.03		4.98					58	39	3
Pukeonake	hdl:10273/IELEG0006	NZ12	Pukeonake	-39.144856	175.566722	PLAG 6	core	54.57	0.07	29.40	0.42	0.04	0.09	11.43	4.57	0.52	#0.00		101.10			2.44	0.00	1.55	0.00	0.02	0.00	0.00	0.01	0.55	0.40	0.03		4.99					56	41	3
Pukeonake	hdl:10273/IELEG0006	NZ12	Pukeonake	-39.144856	175.566722	PLAG 6	rim	56.13	0.11	28.45	0.48	0.03	0.08	10.42	4.93	0.62	#0.00		101.25			2.50	0.00	1.49	0.00	0.02	0.00	0.00	0.01	0.50	0.43	0.03		4.98					52	44	4
Pukeonake	hdl:10273/IELEG0006	NZ12	Pukeonake	-39.144856	175.566722	PLAG 6	mantle	54.68	0.06	29.50	0.44	0.00	0.07	11.48	4.58	0.52	#0.00		101.33			2.44	0.00	1.55	0.00	0.02	0.00	0.00	0.00	0.55	0.40	0.03		4.99					56	41	3
Pukeonake	hdl:10273/IELEG0006	NZ12	Pukeonake	-39.144856	175.566722	PLAG 7	matrix	56.34	0.08	25.07	1.32	0.00	0.19	9.66	4.82	0.67			98.19			2.59	0.00	1.36	0.00	0.05	0.00	0.01	0.00	0.48	0.43	0.04		4.96					50	45	4
Pukeonake	hdl:10273/IELEG0006	NZ12	Pukeonake	-39.144856	175.566722	PLAG 8	matrix	55.35	0.07	26.47	0.64	0.00	0.09	10.41	4.76	0.70			98.53			2.54	0.00	1.43	0.00	0.02	0.00	0.01	0.00	0.51	0.42	0.04		4.98					52	43	4
Pukeonake	hdl:10273/IELEG0006	NZ12	Pukeonake	-39.144856	175.566722	PLAG 9	matrix	55.60	0.06	26.72	0.70	0.00	0.10	10.60	4.62	0.66			99.11			2.53	0.00	1.43	0.00	0.03	0.00	0.01	0.00	0.52	0.41	0.04		4.97					54	42	4
Pukeonake	hdl:10273/IELEG0001	NZ3	Pukeonake	-39.144991	175.565564	SPL 1	Spinel in Ol	28.95	0.19	3.93	10.34	0.16	40.54	0.10	0.04	#0.00	16.68	#0.00	100.93			0.75	0.00	0.12	0.34	0.22	0.00	0.00	1.57	0.00	0.00	0.00	0.00	3.02	0.74	0.87					
Pukeonake	hdl:10273/IELEG0001	NZ3	Pukeonake	-39.144991	175.565564	Cr-SPL 2	Spinel in Ol	14.59	0.25	8.86	16.75	0.16	28.57	0.04	0.04	#0.00	37.00	#0.00	106.26			0.40	0.01	0.29	0.80	0.38	0.00	0.00	1.17	0.00	0.00	0.00	0.00	3.05	0.74	0.75					
Pukeonake	hdl:10273/IELEG0001	NZ3	Pukeonake	-39.144991	175.565564	Cr-SPL 3	Spinel in Ol	0.09	0.60	12.83	25.96	0.27	9.84	0.06	0.02	#0.00	49.61	#0.00	99.28			0.00	0.02	0.51	1.32	0.73	0.00	0.01	0.49	0.00	0.00	0.00	0.00	3.07	0.72	0.40					
Pukeonake	hdl:10273/IELEG0001	NZ3	Pukeonake	-39.144991	175.565564	Cr-SPL 4	Spinel in Ol	0.10	0.39	12.88	19.06	0.21	12.63	0.00	0.00	#0.00	54.02	#0.00	99.30			0.00	0.01	0.50	1.39	0.52	0.00	0.01	0.61	0.00	0.00	0.00	0.00	3.04	0.74	0.54					
Pukeonake	hdl:10273/IELEG0001	NZ3	Pukeonake	-39.144991	175.565564	Cr-SPL 5		0.13	0.63	10.60	28.39	0.31	8.86	0.04	0.05	#0.00	51.27	#0.00	100.27			0.00	0.02	0.42	1.37	0.80	0.00	0.01	0.45	0.00	0.00	0.00	0.00	3.08	0.76	0.35					
Pukeonake	hdl:10273/IELEG0001	NZ3	Pukeonake	-39.144991	175.565564	Cr-SPL 6		0.14	0.74	10.96	30.46	0.36	8.19	0.06	0.00	0.01	49.29	#0.00	100.21			0.00	0.02	0.44	1.33	0.87	0.00	0.01	0.42	0.00	0.00	0.00	0.00	3.09	0.75	0.32					
Pukeonake	hdl:10273/IELEG0001	NZ3	Pukeonake	-39.144991	175.565564	Cr-SPL 7		0.11	0.40	12.99	20.38	0.24	13.02	0.02	0.03	#0.00	52.38	#0.00	99.57			0.00	0.01	0.50	1.35	0.56	0.00	0.01	0.63	0.00	0.00	0.00	0.00	3.06	0.73	0.53					
Pukeonake	hdl:10273/IELEG0001	NZ3	Pukeonake	-39.144991	175.565564	Cr-SPL 8		0.10	0.38	13.80	20.30	0.34	13.08	0.02	0.00	#0.00	52.60	#0.00	100.62			0.00	0.01	0.52	1.34	0.55	0.00	0.01	0.63	0.00	0.00	0.00	0.00	3.06	0.72	0.53					
Pukeonake	hdl:10273/IELEG0001	NZ3	Pukeonake	-39.144991	175.565564	Cr-SPL 9		0.13	0.37	13.92	19.88	0.22	13.11	0.01	0.00	#0.00	52.40	#0.00	100.03			0.00	0.01	0.53	1.34	0.54	0.00	0.01	0.63	0.00	0.00	0.00	0.00	3.05	0.72	0.54					
Pukeonake	hdl:10273/IELEG0001	NZ3	Pukeonake	-39.144991	175.565564	Cr-SPL 10		1.26	1.74	16.88	36.97	0.27	7.36	0.36	0.14	0.02	34.89	#0.00	99.88			0.04	0.04	0.67	0.93	1.04	0.00	0.01	0.37	0.01	0.01	0.00	0.00	3.12	0.58	0.26					
Pukeonake	hdl:10273/IELEG0001	NZ3	Pukeonake	-39.144991	175.565564	Cr-SPL 11		0.15	2.23	15.86	39.96	0.38	5.74	0.16	0.01	0.01	33.54	#0.00	98.04			0.01	0.06	0.66	0.93	1.17	0.00	0.01	0.30	0.01	0.00	0.00	0.00	3.14	0.59	0.20					
Pukeonake	hdl:10273/IELEG0001	NZ3	Pukeonake	-39.144991	175.565564	Cr-SPL 12		0.36	1.47	19.97	31.61	0.31	10.68	0.04	0.04	#0.00	34.45	#0.00	98.93			0.01	0.04	0.77	0.89	0.87	0.00	0.01	0.52	0.00	0.00	0.00	0.00	3.12	0.54	0.37					
Pukeonake	hdl:10273/IELEG0001	NZ3	Pukeonake	-39.144991	175.565564	Cr-SPL 13		0.13	0.22	11.49	14.12	0.22	15.89	0.01	0.00	#0.00	59.36	#0.00	101.44			0.00	0.01	0.43	1.48	0.37	0.00	0.01	0.75	0.00	0.00	0.00	0.00	3.04	0.78	0.66					
Pukeonake	hdl:10273/IELEG0001	NZ3	Pukeonake	-39.144991	175.565564	Cr-SPL 14		0.10	0.20	11.47	14.36	0.20	15.99	0.00	0.00	#0.00	59.64	#0.00	101.96			0.00	0.00	0.42	1.48	0.38	0.00	0.01	0.75	0.00	0.00	0.00	0.00	3.04	0.78	0.66					
Pukeonake	hdl:10273/IELEG0001	NZ3	Pukeonake	-39.144991	175.565564	Cr-SPL 15		0.15	0.27	11.48	14.65	0.23	15.86	0.03	0.00	#0.00	59.13	#0.00	101.79			0.00	0.01	0.43	1.47	0.39	0.00	0.01	0.74	0.00	0.00	0.00	0.00	3.04	0.78	0.66					
Pukeonake	hdl:10273/IELEG0001	NZ3	Pukeonake	-39.144991	175.565564	Cr-SPL 16		0.15	0.24	11.64	14.16	0.16	15.73	0.03	0.00	0.01	59.19	#0.00	101.31			0.00	0.01	0.43	1.48	0.37	0.00	0.00	0.74	0.00	0.00	0.00	0.00	3.04	0.77	0.66					
Pukeonake	hdl:10273/IELEG0005	NZ11	Pukeonake	-39.144782	175.566633	Cr-SPL	matrix	0.08	0.26	10.04	23.11	0.57	10.15	0.04	0.01	0.01	57.08		101.34			0.00	0.01	0.39	1.49	0.64	0.00	0.02	0.50	0.00	0.00	0.00		3.05	0.79	0.43					
